 2.7033332650414181E-2,  0.99987791322368091,  1.0037527071496759
 5.40333319683353741E-2,  0.99951299114089232,  1.0020470773254411
 8.1033331286259988E-2,  0.99890566032927486,  1.0016731598131801
 0.10803333060418636,  0.99805662788723648,  1.0017049901984432
 0.13503332992210856,  0.99696688085554153,  1.0019573133599242
 0.1620333292400237,  0.99563768361769078,  1.0023683100975256
 0.18903332855793883,  0.99407057457824632,  1.0029114143829012
 0.21603332787585397,  0.99226736213491373,  1.0035732676645446
 0.24301110497201803,  0.99023366273158031,  1.0040695064521883
 0.27001110428991071,  0.98796510374604463,  1.0049764354722048
 0.29701110360780336,  0.98546743158421768,  1.0059820498749803
 0.32401110292569602,  0.98274348052510674,  1.0070855160704215
 0.35101110224358867,  0.97979632487435553,  1.0082861728592922
 0.37801110156148132,  0.97662927119133636,  1.0095834630606837
 0.40501110087937398,  0.97324584999818731,  1.0109768925587042
 0.43201110019726663,  0.96964980700702641,  1.0124660047773157
 0.45901109951515928,  0.96584509390302631,  1.0140503642352283
 0.48601109883305194,  0.96183585872262467,  1.0157295456536855
 0.51301109815094459,  0.95762643586716101,  1.0175031265753105
 0.54001109746883724,  0.95322133579320034,  1.0193706822684763
 0.5670110967867299,  0.94862523442138735,  1.0213317821587053
 0.59401109610462255,  0.94384296230608855,  1.0233859873040978
 0.6210110954225152,  0.93887949360820144,  1.0255328485997532
 0.64801109474040786,  0.93373993491344365,  1.027771905501029
 0.67501109405830051,  0.92842951393795747,  1.0301026851226682
 0.70201109337619316,  0.92295356816271112,  1.032524701614574
 0.72900368528680115,  0.91732066863312944,  1.0350045015236355
 0.7560036846046938,  0.91153015107121915,  1.0376084813362039
 0.78300368392258646,  0.9055906627704281,  1.0403020845689264
 0.81000368324047911,  0.89950786655496184,  1.0430847782553028
 0.83700368255837176,  0.89328747850419932,  1.0459560146585274
 0.86400368187626442,  0.88693525697035669,  1.0489152315092687
 0.89100368119415707,  0.88045699178199488,  1.0519618522631833
 0.91800368051204972,  0.87385849366352752,  1.0550952863750609
 0.94500367982994238,  0.86714558389899221,  1.0583149295868794
 0.97200367914783503,  0.86032408426618767,  1.0616201642278897
 0.99900367846572768,  0.85339980726531517,  1.0650103595247047
 1.0260036777843997,  0.84637854666393397,  1.0684848719179065
 1.0529999733984967,  0.8392650868753373,  1.0720661634820567
 1.0800036764218037,  0.83206810170633982,  1.0756842118199044
 1.1070036757405057,  0.82479033093431642,  1.0794076912660775
 1.1340036750592077,  0.81743838731916441,  1.0832127923676518
 1.1610036743779097,  0.81001784146869127,  1.0870988126628218
 1.1880036736966118,  0.80253419612185939,  1.0910650389453354
 1.2150036730153138,  0.79499287933824725,  1.095110747617964
 1.2420036723340158,  0.78739923810133594,  1.0992352050481768
 1.2690036716527178,  0.77975853233860637,  1.103437667925562
 1.2960036709714198,  0.772075929359608,  1.1077173836205125
 1.3230036702901218,  0.76435649871151834,  1.1120735905436605
 1.3500036696088238,  0.75660520744998783,  1.1165055185056798
 1.3770036689275258,  0.74882691582154148,  1.1210123890771357
 1.4040036682462278,  0.74102637335240207,  1.1255934159478334
 1.4310036675649298,  0.73320821533727709,  1.1302478052854636
 1.4580036668836318,  0.72537695972029803,  1.134974756093182
 1.4850036662023338,  0.71753700435943868,  1.1397734605656467
 1.5120036655210358,  0.70969262466442817,  1.1446431044434004
 1.5390036648397378,  0.7018479715974667,  1.1495828673652302
 1.5660036641584398,  0.69400707002523432,  1.1545919232181294
 1.5930036634771418,  0.68617381740983885,  1.1596694404847927
 1.6200036627958438,  0.67835198282598974,  1.1648145825881686
 1.6470036621145459,  0.6705452062909133,  1.1700265082329633
 1.6740036614332479,  0.66275699839338531,  1.1753043717438834
 1.7010036607519499,  0.65499074020768744,  1.1806473234002726
 1.7280036600706519,  0.64724968347823264,  1.1860545097671036
 1.7550036593893539,  0.63953695106041697,  1.1915250740219259
 1.7820036587080559,  0.63185553760306201,  1.1970581562778198
 1.8090036580267579,  0.62420831045802383,  1.2026528939019758
 1.8360036573454599,  0.6165980108023168,  1.2083084218298996
 1.8630036566641619,  0.6090272549585265,  1.2140238728749402
 1.8900036559828639,  0.60149853589916613,  1.2197983780331825
 1.9170036553015659,  0.594014224921113,  1.2256310667833352
 1.9440036546202679,  0.58657657347631342,  1.2315210673817614
 1.9710036539389699,  0.5791877151453948,  1.2374675071523609
 1.9980036532576719,  0.5718496677411522,  1.2434695127712101
 2.0250036525748749,  0.56456433552917784,  1.2495262105486702
 2.0520036518919582,  0.55733351155337429,  1.255636726695303
 2.0790036512090415,  0.55015888005452163,  1.2618001875982074
 2.1059999468225148,  0.54304299118997268,  1.2680148639399866
 2.1330036498432081,  0.53598440250714208,  1.2742824516651177
 2.1600036491602914,  0.52898740376945441,  1.2805995108135801
 2.1870036484773747,  0.52205229744296788,  1.2869660271851644
 2.214003647794458,  0.51518026251588966,  1.2933811318709054
 2.2410036471115413,  0.50837238503307303,  1.2998439576296048
 2.2680036464286246,  0.50162966087318672,  1.3063536391167436
 2.2950036457457079,  0.49495299854111902,  1.3129093131078136
 2.3220036450627912,  0.48834322196809932,  1.3195101187156468
 2.3490036443798745,  0.48180107331244787,  1.3261551976021873
 2.3760036436969578,  0.47532721575436199,  1.332843694184332
 2.4030036430140411,  0.46892223627863205,  1.3395747558341384
 2.4300036423311244,  0.46258664843958081,  1.3463475330732324
 2.4570036416482077,  0.45632089510301199,  1.3531611797615102
 2.484003640965291,  0.45012535116031821,  1.3600148532801775
 2.5110036402823743,  0.44400032621035668,  1.3669077147090747
 2.5380036395994576,  0.43794606720506613,  1.3738389289984978
 2.5650036389165409,  0.43196276105519793,  1.380807665135293
 2.5920036382336242,  0.42605053719287056,  1.38781309630355
 2.6190036375507075,  0.42020947008805665,  1.3948544000396825
 2.6460036368677908,  0.41443958171635586,  1.401930758382222
 2.6730036361848741,  0.40874084397581895,  1.4090413580161323
 2.7000036355019574,  0.40311318105083904,  1.4161853904117929
 2.7270036348190407,  0.39755647172139119,  1.4233620519587782
 2.754003634136124,  0.39207055161618898,  1.4305705440944678
 2.7810036334532073,  0.38665521540862507,  1.4378100734274213
 2.8080036327702906,  0.38131021895447997,  1.4450798518558363
 2.8350036320873739,  0.3760352813707557,  1.4523790966808436
 2.8620036314044572,  0.37083008705503956,  1.4597070307151456
 2.8890036307215405,  0.36569428764514567,  1.4670628823864937
 2.9160036300386238,  0.36062750391882409,  1.4744458858367528
 2.9430036293557071,  0.35562932763360028,  1.4818552810159609
 2.9700036286727904,  0.35069932330688031,  1.4892903137720059
 2.9970036279898737,  0.34583702993666465,  1.496750235935733
 3.024003627306957,  0.3410419626632552,  1.5042343054015275
 3.0510036266240403,  0.33631361437256335,  1.5117417862036617
 3.0780036259411236,  0.33165145724161943,  1.5192719485883248
 3.1050036252582069,  0.32705494422708276,  1.5268240690813852
 3.1320036245752902,  0.3225235104975453,  1.5343974305521884
 3.1590036238923735,  0.31805657481057736,  1.5419913222731993
 3.1860036232094568,  0.31365354083545022,  1.5496050399758401
 3.2130036225265401,  0.30931379842262513,  1.5572378859023897
 3.2400036218436234,  0.30503672482104949,  1.5648891688541462
 3.2670036211607068,  0.30082168584441488,  1.5725582042359709
 3.2940036204777901,  0.29666803698755084,  1.5802443140970897
 3.3210036197948734,  0.29257512449414436,  1.587946827168579
 3.3480036191119567,  0.28854228637700774,  1.5956650788972822
 3.37500361842904,  0.28456885339214955,  1.603398411476457
 3.4020036177461233,  0.280654149967908,  1.6111461738731883
 3.4290036170632066,  0.27679749509040485,  1.6189077218525858
 3.4560036163802899,  0.27299820314660406,  1.6266824179989356
 3.4830036156973732,  0.26925558472625361,  1.6344696317337573
 3.5100036150144565,  0.26556894738397824,  1.642268739331098
 3.5370036143315398,  0.26193759636279551,  1.650079123929846
 3.5640036136486231,  0.25836083528031667,  1.6579001755433274
 3.5910036129657064,  0.2548379667788831,  1.6657312910662512
 3.6180036122827897,  0.25136829314087505,  1.6735718742789962
 3.645003611599873,  0.24795111687040894,  1.6814213358494274
 3.6720036109169563,  0.24458574124263593,  1.6892790933322008
 3.6990036102340396,  0.24127147082182121,  1.6971445711657469
 3.7260036095511229,  0.23800761194935932,  1.7050172006669662
 3.7530036088682062,  0.23479347320289443,  1.7128964200235617
 3.7800036081852895,  0.23162836582762744,  1.7207816742844146
 3.8070036075023728,  0.22851160414093119,  1.7286724153477118
 3.8340036068194561,  0.22544250591133566,  1.7365681019471571
 3.8610036061365394,  0.22242039271292199,  1.7444681996361617
 3.8880036054536227,  0.21944459025614929,  1.7523721807702237
 3.915003604770706,  0.21651442869610146,  1.7602795244874705
 3.9420036040877893,  0.21362924291912086,  1.7681897166874094
 3.9690036034048726,  0.21078837280876456,  1.7761022500080474
 3.9960036027219559,  0.20799116349199198,  1.78401662380134
 4.023003602041797,  0.20523696556646795,  1.7919323441034831
 4.0500036013621177,  0.20252513530983857,  1.7998489236177158
 4.0770036006824384,  0.19985503487179956,  1.8077658816761799
 4.1040036000027591,  0.1972260324497741,  1.8156827442112102
 4.1310035993230798,  0.19463750244896638,  1.8235990437242837
 4.1580035986434005,  0.19208882562753535,  1.8315143192530337
 4.1850035979637212,  0.18957938922762191,  1.8394281163370274
 4.2119998935804315,  0.18710892340128585,  1.8473389018301043
 4.2390035966043627,  0.18467581977347125,  1.8552494896250604
 4.2660035959246834,  0.18228049461832668,  1.8631561890937349
 4.2930035952450041,  0.17992202585669406,  1.871059656570812
 4.3200035945653248,  0.17759983466818113,  1.8789594695530498
 4.3470035938856455,  0.1753133492427158,  1.886855211811115
 4.3740035932059662,  0.17306200483067968,  1.8947464733481729
 4.4010035925262869,  0.17084524378381033,  1.9026328503577803
 4.4280035918466076,  0.1686625155873635,  1.9105139451809539
 4.4550035911669283,  0.16651327688404013,  1.9183893662624203
 4.4820035904872491,  0.16439699149014789,  1.9262587281062673
 4.5090035898075698,  0.16231313040443923,  1.9341216512309263
 4.5360035891278905,  0.16026117181006946,  1.9419777621234287
 4.5630035884482112,  0.15824060107007637,  1.9498266931931942
 4.5900035877685319,  0.15625091071678801,  1.9576680827252499
 4.6170035870888526,  0.15429160043552936,  1.9655015748329097
 4.6440035864091733,  0.15236217704299226,  1.9733268194099738
 4.671003585729494,  0.15046215446061142,  1.9811434720825289
 4.6980035850498147,  0.14859105368328299,  1.9889511941603271
 4.7250035843701355,  0.14674840274373072,  1.9967496525877413
 4.7520035836904562,  0.14493373667282572,  2.0045385198944481
 4.7790035830107769,  0.14314659745614089,  2.0123174741457723
 4.8060035823310976,  0.14138653398702145,  2.0200861988926775
 4.8330035816514183,  0.13965310201641531,  2.0278443831216282
 4.860003580971739,  0.13794586409972906,  2.0355917212041432
 4.8870035802920597,  0.13626438954092529,  2.0433279128460793
 4.9140035796123804,  0.13460825433409226,  2.0510526630370234
 4.9410035789327011,  0.13297704110270844,  2.0587656819990632
 4.9680035782530219,  0.13137033903678211,  2.0664666851358686
 4.9950035775733426,  0.12978774382807284,  2.0741553929814511
 5.0220035768936633,  0.12822885760356242,  2.0818315311488798
 5.049003576213984,  0.126693288857367,  2.0894948302789134
 5.0760035755343047,  0.12518065238122855,  2.0971450259886777
 5.1030035748546254,  0.12369056919375372,  2.1047818588202838
 5.1300035741749461,  0.12222266646854317,  2.1124050741893785
 5.1570035734952668,  0.12077657746135073,  2.120014422333766
 5.1840035728155875,  0.11935194143639379,  2.127609658262136
 5.2110035721359083,  0.11794840359194433,  2.1351905417027326
 5.238003571456229,  0.11656561498531724,  2.1427568370521319
 5.2650035707765497,  0.11520323245735828,  2.1503083133242038
 5.2920035700968704,  0.11386091855653738,  2.1578447440990347
 5.3190035694171911,  0.11253834146274791,  2.1653659074720539
 5.3460035687375118,  0.11123517491089679,  2.172871586003251
 5.3730035680578325,  0.10995109811436808,  2.1803615666666034
 5.4000035673781532,  0.10868579568845133,  2.1878356407996131
 5.4270035666984739,  0.10743895757379732,  2.1952936040530151
 5.4540035660187947,  0.10621027895997355,  2.2027352563407057
 5.4810035653391154,  0.10499946020919498,  2.210160401789877
 5.5080035646594361,  0.10380620678027681,  2.2175688486912826
 5.5350035639797568,  0.10263022915287646,  2.2249604094497988
 5.5620035633000775,  0.10147124275207063,  2.2323349005352076
 5.5890035626203982,  0.10032896787332567,  2.2396921424332179
 5.6160035619407189,  9.9203129607896845E-2,  2.2470319595966881
 5.6430035612610396,  9.80934577687071485E-2,  2.254354180397141
 5.6700035605813603,  9.69996868167393306E-2,  2.2616586370765965
 5.6970035599016811,  9.5921555787980603E-2,  2.2689451656996025
 5.7240035592220018,  9.48588082209534111E-2,  2.276213606105566
 5.7510035585423225,  9.38111920848589548E-2,  2.2834638018614268
 5.7780035578626432,  9.27784597083692181E-2,  2.2906956002145193
 5.8050035571829639,  9.17603677090810393E-2,  2.2979088520458788
 5.8320035565032846,  9.07566769236715365E-2,  2.3051034118237395
 5.8590035558236053,  8.97671523387597176E-2,  2.3122791375573941
 5.886003555143926,  8.8791563022504752E-2,  2.3194358907513903
 5.9130035544642467,  8.78296820569530179E-2,  2.3265735363599882
 5.9400035537845675,  8.68812864711497462E-2,  2.3336919427420639
 5.9670035531048882,  8.59461571750297498E-2,  2.3407909816162396
 5.9940035524252089,  8.50240788940970632E-2,  2.3478705280163981
 6.0210035517455296,  8.41148401049079675E-2,  2.3549304602475551
 6.0480035510658503,  8.32182329713632429E-2,  2.3619706598419539
 6.075003550386171,  8.2334053281811162E-2,  2.3689910115157731
 6.1020035497064917,  8.1462100386982525E-2,  2.3759914031259544
 6.1290035490268124,  8.06021771387488983E-2,  2.3829717256274212
 6.1560035483471331,  7.9754089829712646E-2,  2.3899318730307604
 6.1830035476674539,  7.89176481336342633E-2,  2.3968717423601671
 6.2100035469877746,  7.80926650466908373E-2,  2.4037912336118485
 6.2370035463080953,  7.7278956829580206E-2,  2.4106902497126477
 6.264003545628416,  7.64763429504556058E-2,  2.4175686964790999
 6.2910035449487367,  7.56846460286974831E-2,  2.4244264825770396
 6.3180035442690574,  7.49036917795226354E-2,  2.4312635194812278
 6.3450035435893781,  7.41333089594235356E-2,  2.4380797214356731
 6.3720035429096988,  7.33733293124378405E-2,  2.4448750054140893
 6.3990035422300195,  7.26235875172445977E-2,  2.4516492910808769
 6.4260035415503403,  7.18839211350790763E-2,  2.458402500752455
 6.453003540870661,  7.11541705584664702E-2,  2.4651345593589209
 6.4800035401909817,  7.04341789607685898E-2,  2.4718453944060532
 6.5070035395113024,  6.97237922465323567E-2,  2.4785349359377973
 6.5340035388316231,  6.90228590026436273E-2,  2.4852031164990045
 6.5610035381519438,  6.83312304502688012E-2,  2.4918498710986681
 6.5880035374722645,  6.764876039758351E-2,  2.4984751371735041
 6.6150035367925852,  6.69753051932859694E-2,  2.5050788545517655
 6.6420035361129059,  6.63107236808770234E-2,  2.5116609654176081
 6.6690035354332267,  6.56548771537068115E-2,  2.5182214142757462
 6.6960035347535474,  6.50076293107744729E-2,  2.5247601479164876
 6.7230035340738681,  6.43688462132805256E-2,  2.5312771153811466
 6.7500035333941888,  6.37383962419145189E-2,  2.5377722679279002
 6.7770035327145095,  6.31161500548778343E-2,  2.5442455589977295
 6.8040035320348302,  6.25019805466261458E-2,  2.5506969441811216
 6.8310035313551509,  6.18957628073254426E-2,  2.557126381184867
 6.8580035306754716,  6.12973740830138961E-2,  2.5635338297993706
 6.8850035299957923,  6.0706693736459677E-2,  2.5699192518662093
 6.9120035293161131,  6.01236032087043501E-2,  2.5762826112461035
 6.9390035286364338,  5.95479859812835591E-2,  2.5826238737872376
 6.9660035279567545,  5.89797275391165735E-2,  2.5889430072939947
 6.9930035272770752,  5.8418715334053295E-2,  2.5952399814959644
 7.0200035265973959,  5.78648387490729235E-2,  2.6015147680173194
 7.0470035259177166,  5.73179890631208694E-2,  2.6077673403466455
 7.0740035252380373,  5.67780594165761543E-2,  2.6139976738069262
 7.101003524558358,  5.62449447773436251E-2,  2.6202057455260319
 7.1280035238786787,  5.57185419075523769E-2,  2.626391534407666
 7.1550035231989995,  5.51987493308642649E-2,  2.6325550211022848
 7.1820035225193202,  5.46854673003698069E-2,  2.638696187978677
 7.2090035218396409,  5.41785977670720328E-2,  2.6448150190957809
 7.2360035211599616,  5.3678044348943757E-2,  2.6509115001748969
 7.2630035204802823,  5.3183712300551661E-2,  2.6569856185720662
 7.290003519800603,  5.26955084832364806E-2,  2.6630373632510054
 7.3170035191209237,  5.22133413358424128E-2,  2.6690667247562496
 7.3440035184412444,  5.17371208459845092E-2,  2.6750736951865433
 7.3710035177615651,  5.12667585218455832E-2,  2.6810582681687776
 7.3980035170818859,  5.08021673644950406E-2,  2.6870204388320715
 7.4250035164022066,  5.03432618407206808E-2,  2.69296020378223
 7.4520035157225273,  4.98899578563627016E-2,  2.6988775610765083
 7.479003515042848,  4.94421727301441391E-2,  2.7047725101987181
 7.5060035143631687,  4.8999825167988495E-2,  2.7106450520346859
 7.5330035136834894,  4.85628352378140796E-2,  2.7164951888478166
 7.5600035130038101,  4.81311243447999013E-2,  2.7223229242552658
 7.5870035123241308,  4.77046152071121804E-2,  2.7281282632042267
 7.6140035116444515,  4.72832318320865405E-2,  2.733911211948489
 7.6410035109647723,  4.68668994928527552E-2,  2.7396717780254924
 7.668003510285093,  4.64555447054008155E-2,  2.7454099702334602
 7.6950035096054137,  4.6049095206075176E-2,  2.7511257986089435
 7.7220035089257344,  4.56474799294914746E-2,  2.75681927440462
 7.7490035082460551,  4.5250628986868234E-2,  2.7624904100674681
 7.7760035075663758,  4.48584736447653898E-2,  2.7681392192171121
 7.8030035068866965,  4.44709463042236713E-2,  2.7737657166244594
 7.8300035062070172,  4.40879804802956562E-2,  2.7793699181907008
 7.8570035055273379,  4.37095107819625434E-2,  2.7849518409265452
 7.8840035048476587,  4.33354728924297689E-2,  2.7905115029316976
 7.9110035041679794,  4.29658035497931245E-2,  2.7960489233746664
 7.9380035034883001,  4.26004405280690363E-2,  2.8015641224728762
 7.9650035028086208,  4.22393226185855744E-2,  2.8070571214727882
 7.9920035021289415,  4.18823896117199793E-2,  2.8125279426307941
 8.0190035014492622,  4.15295822789850666E-2,  2.8179766091937801
 8.0460035007695829,  4.11808423554509209E-2,  2.8234031453803996
 8.0730035000899036,  4.083611252250028E-2,  2.8288075763623608
 8.1000034994102244,  4.04953363909077019E-2,  2.8341899282461021
 8.1270034987305451,  4.01584584842403572E-2,  2.8395502280546547
 8.1540034980508658,  3.98254242225701618E-2,  2.8448885037097025
 8.1809997933789127,  3.94961349966841818E-2,  2.850213254367659
 8.2080034966915072,  3.9170672701459977E-2,  2.8554990986340303
 8.2350034960118279,  3.88488506223777855E-2,  2.8607714780827309
 8.2620034953321486,  3.85306625185342019E-2,  2.8660219537027656
 8.2890034946524693,  3.8216058058785321E-2,  2.8712505576495517
 8.31600349397279,  3.79049877170270777E-2,  2.8764573228752046
 8.3430034932931108,  3.7597402757943453E-2,  2.8816422831120683
 8.3700034926134315,  3.72932552230227088E-2,  2.8868054728567483
 8.3970034919337522,  3.69924979168351695E-2,  2.8919469273544709
 8.4239997872229502,  3.66950438199353107E-2,  2.8970750263294431
 8.4510034905743936,  3.64009689438387005E-2,  2.9021647752396555
 8.4780034898947143,  3.61101065816894912E-2,  2.9072412427216734
 8.505003489215035,  3.58224530319181042E-2,  2.9122961231158131
 8.5320034885353557,  3.55379647175778982E-2,  2.9173294551814593
 8.5590034878556764,  3.52565987477408693E-2,  2.9223412783365843
 8.5860034871759972,  3.49783129054840602E-2,  2.927331632643658
 8.6130034864963179,  3.47030656361065337E-2,  2.9323005587953963
 8.6400034858166386,  3.44308160355620216E-2,  2.9372480981010352
 8.6670034851369593,  3.41615238391123552E-2,  2.9421742924726835
 8.69400348445728,  3.38951494101915746E-2,  2.9470791844118414
 8.7210034837776007,  3.36316537294801821E-2,  2.9519628169962466
 8.7480034830979214,  3.33709983841827471E-2,  2.9568252338668128
 8.7750034824182421,  3.31131455575074396E-2,  2.9616664792147294
 8.8020034817385628,  3.28580580183422746E-2,  2.9664865977687138
 8.8290034810588836,  3.26056991111226824E-2,  2.9712856347826935
 8.8560034803792043,  3.23560327458890379E-2,  2.9760636360235022
 8.883003479699525,  3.21090233885314436E-2,  2.9808206477586321
 8.9100034790198457,  3.18646360512139723E-2,  2.9855567167444041
 8.9370034783401664,  3.16228362829789125E-2,  2.9902718902142031
 8.9640034776604871,  3.13835901605241038E-2,  2.9949662158669392
 8.9910034769808078,  3.11468642791548241E-2,  2.9996397418555238
 9.0180034763011285,  3.09126257439004647E-2,  3.0042925167757515
 9.0450034756214492,  3.06808421607983849E-2,  3.0089245896552432
 9.07200347494177,  3.0451481628338644E-2,  3.0135360099424156
 9.0990034742620907,  3.02245127290671038E-2,  3.0181268274959279
 9.1260034735824114,  2.99999045213441839E-2,  3.0226970925739871
 9.1530034729027321,  2.97776265312569149E-2,  3.0272468558239862
 9.1800034722230528,  2.95576487446781791E-2,  3.0317761682723279
 9.2070034715433735,  2.93399415994755677E-2,  3.0362850813141575
 9.2340034708636942,  2.91244759778609349E-2,  3.040773646703661
 9.2610034701840149,  2.89112231988830695E-2,  3.0452419165441023
 9.2880034695043356,  2.87001550110577916E-2,  3.0496899432782416
 9.3150034688246564,  2.84912435851332919E-2,  3.054117779678899
 9.3420034681449771,  2.82844615069886771E-2,  3.058525478839587
 9.3690034674652978,  2.80797817706621017E-2,  3.0629130941653631
 9.3960034667856185,  2.78771777715081104E-2,  3.0672806793636362
 9.4230034661059392,  2.76766232994787517E-2,  3.0716282884354822
 9.4500034654262599,  2.74780925325285794E-2,  3.075955975666762
 9.4770034647465806,  2.72815600301390196E-2,  3.0802637956194934
 9.5040034640669013,  2.70870007269621467E-2,  3.0845518031234
 9.531003463387222,  2.68943899265795608E-2,  3.088820053267495
 9.5580034627075428,  2.67037032953746679E-2,  3.0930686013919333
 9.5850034620278635,  2.65149168565169159E-2,  3.0972975030799081
 9.6120034613481842,  2.63280069840547866E-2,  3.1015068141496327
 9.6390034606685049,  2.61429503971164004E-2,  3.1056965906465743
 9.6660034599888256,  2.59597241542147174E-2,  3.1098668888357048
 9.6930034593091463,  2.57783056476562702E-2,  3.1140177651938981
 9.720003458629467,  2.55986725980505564E-2,  3.1181492764025323
 9.7470034579497877,  2.5420803048918094E-2,  3.1222614793401022
 9.7740034572701084,  2.52446753613967262E-2,  3.1263544310750282
 9.8010034565904292,  2.50702682090428591E-2,  3.1304281888584908
 9.8280034559107499,  2.48975605727253906E-2,  3.1344828101174729
 9.8550034552310706,  2.47265317356125634E-2,  3.1385183524479299
 9.8820034545513913,  2.45571612782477001E-2,  3.1425348736079872
 9.909003453871712,  2.43894290737137094E-2,  3.1465324315112762
 9.9360034531920327,  2.42233152828839511E-2,  3.1505110842204496
 9.9630034525123534,  2.40588003497579396E-2,  3.1544708899406584
 9.9900034518326741,  2.38958649968803137E-2,  3.1584119070133174
 10.017003451152995,  2.37344902208415469E-2,  3.1623341939097918
 10.044003450473316,  2.35746572878579412E-2,  3.1662378092254042
 10.071003449793636,  2.3416347729431377E-2,  3.1701228116733438
 10.098003449113957,  2.32595433380856399E-2,  3.1739892600786646
 10.125003448434278,  2.31042261631773313E-2,  3.1778372133727011
 10.152003447754598,  2.29503785067822277E-2,  3.1816667305871875
 10.179003447074919,  2.27979829196544963E-2,  3.1854778708485845
 10.20600344639524,  2.26470221972554994E-2,  3.1892706933727339
 10.233003445715561,  2.24974793758546225E-2,  3.1930452574593291
 10.260003445035881,  2.23493377286970302E-2,  3.1968016224865559
 10.287003444356202,  2.22025807622405549E-2,  3.2005398479059317
 10.314003443676523,  2.20571922124566007E-2,  3.2042599932370712
 10.341003442996843,  2.1913156041197656E-2,  3.2079621180627083
 10.368003442317164,  2.17704564326274032E-2,  3.2116462820236129
 10.395003441637485,  2.16290777897135689E-2,  3.215312544813802
 10.422003440957806,  2.14890047307820971E-2,  3.2189609661756369
 10.449003440278126,  2.13502220861310002E-2,  3.2225916058951753
 10.476003439598447,  2.12127148947030622E-2,  3.2262045237975583
 10.503003438918768,  2.10764684008173976E-2,  3.2297997797423394
 10.530003438239088,  2.09414680509561781E-2,  3.2333774336191947
 10.557003437559409,  2.08076994906084486E-2,  3.236937545343292
 10.58400343687973,  2.06751485611678457E-2,  3.2404801748511756
 10.61100343620005,  2.05438012968839068E-2,  3.2440053820964145
 10.638003435520371,  2.04136439218663424E-2,  3.2475132270454781
 10.665003434840692,  2.02846628471399226E-2,  3.2510037696736842
 10.692003434161013,  2.01568446677520344E-2,  3.2544770699610917
 10.719003433481333,  2.00301761599282237E-2,  3.2579331878885629
 10.746003432801654,  1.99046442782762241E-2,  3.2613721834340637
 10.773003432121975,  1.97802361530396639E-2,  3.2647941165686576
 10.800003431442295,  1.9656939087397355E-2,  3.2681990472529168
 10.827003430762616,  1.95347405548090165E-2,  3.2715870354331549
 10.854003430082937,  1.94136281964063552E-2,  3.2749581410379207
 10.881003429403258,  1.92935898184288038E-2,  3.2783124239743779
 10.908003428723578,  1.91746133897021491E-2,  3.281649944124982
 10.935003428043899,  1.90566870391605352E-2,  3.2849707613439865
 10.96200342736422,  1.89397990534105158E-2,  3.2882749354541034
 10.98900342668454,  1.88239378743357312E-2,  3.2915625262433359
 11.016003426004861,  1.87090920967434675E-2,  3.294833593461572
 11.043003425325182,  1.85952504660483672E-2,  3.2980881968176976
 11.070003424645503,  1.84824018759978427E-2,  3.3013263959763726
 11.097010830618192,  1.83704742506329774E-2,  3.3045566323284379
 11.124010829934196,  1.82595795352893941E-2,  3.3077621833196962
 11.1510108292502,  1.81496454038222559E-2,  3.3109515088591963
 11.178010828566205,  1.80406613213833257E-2,  3.3141246684049976
 11.205010827882209,  1.79326168906373921E-2,  3.3172817213564172
 11.232010827198213,  1.78255018497061879E-2,  3.320422727051263
 11.259010826514217,  1.77193060701463546E-2,  3.3235477447631983
 11.286010825830221,  1.76140195549614499E-2,  3.3266568336989755
 11.313010825146225,  1.7509632436646029E-2,  3.3297500529960313
 11.34001082446223,  1.74061349752634778E-2,  3.3328274617197939
 11.367010823778234,  1.73035175565547962E-2,  3.3358891188612922
 11.394010823094238,  1.7201770690078385E-2,  3.338935083334778
 11.421010822410242,  1.71008850073818587E-2,  3.3419654139752208
 11.448010821726246,  1.70008512602027317E-2,  3.3449801695360564
 11.47501082104225,  1.69016603186993367E-2,  3.347979408686903
 11.502010820358255,  1.68033031697104734E-2,  3.3509631900113503
 11.529010819674259,  1.67057709150441498E-2,  3.353931572004698
 11.556010818990263,  1.66090547697938587E-2,  3.3568846130718621
 11.583010818306267,  1.65131460606825972E-2,  3.3598223715253157
 11.610010817622271,  1.64180362244340308E-2,  3.3627449055829794
 11.637010816938275,  1.63237168061700667E-2,  3.365652273366226
 11.664010816254279,  1.62301794578344864E-2,  3.3685445328979595
 11.691010815570284,  1.61374159366425504E-2,  3.3714217421005941
 11.718010814886288,  1.60454181035552639E-2,  3.3742839587943156
 11.745010814202292,  1.59541779217787019E-2,  3.3771312406951748
 11.772010813518296,  1.58636874552879059E-2,  3.3799636454132158
 11.7990108128343,  1.57739388673736151E-2,  3.3827812304508553
 11.826010812150304,  1.56849244192137152E-2,  3.3855840532010864
 11.853010811466309,  1.55966364684668336E-2,  3.3883721709457992
 11.880010810782313,  1.55090674678887291E-2,  3.3911456408541629
 11.907010810098317,  1.54222099639711938E-2,  3.3939045199810387
 11.934010809414321,  1.5336056595602306E-2,  3.3966488652653855
 11.961010808730325,  1.52506000927488256E-2,  3.3993787335286765
 11.988010808046329,  1.51658332751585384E-2,  3.4020941814735592
 12.015010807362334,  1.50817490510845777E-2,  3.4047952656822451
 12.042010806678338,  1.49983404160291406E-2,  3.4074820426151629
 12.069010805994342,  1.49156004515075841E-2,  3.410154568609558
 12.096010805310346,  1.48335223238319734E-2,  3.4128128998781291
 12.12301080462635,  1.47520992829142088E-2,  3.4154570925077157
 12.150010803942354,  1.46713246610877326E-2,  3.4180872024579911
 12.177010803258359,  1.45911918719480536E-2,  3.4207032855602333
 12.204010802574363,  1.45116944092117169E-2,  3.4233053975160534
 12.231010801890367,  1.44328258455928629E-2,  3.4258935938962374
 12.258010801206371,  1.4354579831697644E-2,  3.4284679301396213
 12.285010800522375,  1.42769500949361857E-2,  3.4310284615518758
 12.312010799838379,  1.41999304384514188E-2,  3.4335752433044298
 12.339010799154384,  1.41235147400647146E-2,  3.4361083304334206
 12.366010798470388,  1.40476969512378595E-2,  3.4386277778386316
 12.393010797786392,  1.39724710960516564E-2,  3.4411336402824593
 12.420010797102396,  1.38978312701997994E-2,  3.4436259723890017
 12.4470107964184,  1.38237716399991026E-2,  3.4461048286429281
 12.474010795734404,  1.37502864414144957E-2,  3.4485702633887381
 12.501010795050409,  1.36773699790995948E-2,  3.4510223308297054
 12.528010794366413,  1.36050166254516446E-2,  3.4534610850271177
 12.555010793682417,  1.35332208196816406E-2,  3.4558865798993192
 12.582010792998421,  1.34619770668984156E-2,  3.4582988692209051
 12.609010792314425,  1.33912799372069569E-2,  3.4606980066219566
 12.636010791630429,  1.33211240648205293E-2,  3.4630840455871446
 12.663010790946434,  1.32515041471865137E-2,  3.4654570394551389
 12.690010790262438,  1.31824149441255069E-2,  3.46781704141778
 12.717010789578442,  1.31138512769839542E-2,  3.4701641045193479
 12.744010788894446,  1.30458080277992983E-2,  3.4724982816558922
 12.77101078821045,  1.2978280138478156E-2,  3.4748196255745776
 12.798010787526454,  1.29112626099868785E-2,  3.4771281888730616
 12.825010786842459,  1.28447505015544822E-2,  3.4794240239988303
 12.852010786158463,  1.27787389298877428E-2,  3.4817071832485929
 12.879010785474467,  1.27132230683980833E-2,  3.4839777187677292
 12.906010784790471,  1.26481981464401459E-2,  3.486235682549748
 12.933010784106475,  1.25836594485621619E-2,  3.4884811264356848
 12.960010783422479,  1.2519602313767135E-2,  3.4907141021136692
 12.987010782738484,  1.24560221347857335E-2,  3.4929346611183059
 13.014010782054488,  1.23929143573595513E-2,  3.4951428548303278
 13.041010781370492,  1.23302744795356529E-2,  3.4973387344760432
 13.068010780686496,  1.22680980509712878E-2,  3.499522351126926
 13.0950107800025,  1.2206380672249181E-2,  3.5016937556992223
 13.122010779318504,  1.21451179942033017E-2,  3.5038529989534517
 13.149010778634509,  1.20843057172542075E-2,  3.5060001314941203
 13.176010777950513,  1.20239395907546717E-2,  3.5081352037692657
 13.203010777266517,  1.19640154123448802E-2,  3.510258266070224
 13.230010776582521,  1.19045290273171213E-2,  3.5123693685311852
 13.257010775898525,  1.18454763279905E-2,  3.5144685611287936
 13.284010775214529,  1.17868532530937247E-2,  3.5165558936821455
 13.311010774530533,  1.17286557871584575E-2,  3.518631415852163
 13.338010773846538,  1.16708799599203883E-2,  3.5206951771415085
 13.365010773162542,  1.16135218457297153E-2,  3.5227472268943512
 13.392010772478546,  1.1556577562970443E-2,  3.5247876142959513
 13.41901077179455,  1.15000432734878796E-2,  3.526816388372628
 13.446010771110554,  1.14439151820245732E-2,  3.5288335979914613
 13.473010770426558,  1.13881895356647105E-2,  3.530839291860087
 13.500010769742563,  1.13328626232864719E-2,  3.5328335185265045
 13.527010769058567,  1.12779307750223556E-2,  3.5348163263789156
 13.554010768374571,  1.12233903617274654E-2,  3.5367877636456684
 13.581010767690575,  1.11692377944556769E-2,  3.5387478783949047
 13.608010767006579,  1.11154695239430081E-2,  3.5406967185346567
 13.635010766322583,  1.10620820400987637E-2,  3.542634331812557
 13.662010765638588,  1.10090718715041194E-2,  3.5445607658158851
 13.689010764954592,  1.09564355849177102E-2,  3.5464760679713545
 13.716010764270596,  1.09041697847887201E-2,  3.5483802855450626
 13.7430107635866,  1.08522711127764862E-2,  3.5502734656424475
 13.770010762902604,  1.08007362472773843E-2,  3.55215565520828
 13.797010762218608,  1.07495619029585494E-2,  3.5540269010264707
 13.824010761534613,  1.06987448302980747E-2,  3.5558872497202181
 13.851010760850617,  1.06482818151317771E-2,  3.5577367477518766
 13.878010760166621,  1.05981696782066898E-2,  3.5595754414229774
 13.905010759482625,  1.05484052747407894E-2,  3.5614033768741713
 13.932010758798629,  1.04989854939889788E-2,  3.5632206000853723
 13.959010758114633,  1.04499072588151286E-2,  3.5650271568756597
 13.986010757430638,  1.04011675252706701E-2,  3.5668230929033471
 14.013010756746642,  1.0352763282178476E-2,  3.5686084536660769
 14.040010756062646,  1.03046915507232269E-2,  3.5703832845008123
 14.06701075537865,  1.02569493840474393E-2,  3.572147630583812
 14.094010754694654,  1.02095338668527474E-2,  3.5739015369309652
 14.121010754010658,  1.01624421150075077E-2,  3.5756450483976048
 14.148010753326663,  1.01156712751595806E-2,  3.5773782096786886
 14.175010752642667,  1.00692185243542731E-2,  3.5791010653089761
 14.202010751958671,  1.0023081069658251E-2,  3.5808136596630638
 14.229010751274675,  9.97725614778824203E-3,  3.5825160369554476
 14.256010750590679,  9.93174102474519635E-3,  3.5842082412407597
 14.283010749906683,  9.88653299545344706E-3,  3.5858903164137756
 14.310010749222688,  9.84162938340480548E-3,  3.5875623062097284
 14.337010748538692,  9.79702754030780873E-3,  3.5892242542042418
 14.364010747854696,  9.75272484574187491E-3,  3.5908762038136524
 14.3910107471707,  9.70871870681591642E-3,  3.5925181982951861
 14.418010746486704,  9.66500655783210719E-3,  3.5941502807469408
 14.445010745802708,  9.62158585995405609E-3,  3.5957724941082381
 14.472010745118713,  9.57845410087957913E-3,  3.5973848811597495
 14.499010744434717,  9.53560879451810506E-3,  3.5989874845237217
 14.526010743750721,  9.49304748067241778E-3,  3.6005803466641169
 14.553010743066725,  9.45076772472483451E-3,  3.6021635098868283
 14.580010742382729,  9.40876711732758879E-3,  3.603737016339958
 14.607010741698733,  9.36704327409760076E-3,  3.605300908014005
 14.634010741014738,  9.32559383531548179E-3,  3.6068552267420144
 14.661010740330742,  9.28441646562824276E-3,  3.6084000141999613
 14.688010739646746,  9.2435088537567156E-3,  3.6099353119067961
 14.71501073896275,  9.20286871220638188E-3,  3.6114611612248226
 14.742010738278754,  9.16249377698225356E-3,  3.6129776033599974
 14.769010737594758,  9.12238180730802484E-3,  3.6144846793620364
 14.796010736910763,  9.08253058534856487E-3,  3.6159824301247068
 14.823010736226767,  9.04293791593627737E-3,  3.6174708963862301
 14.850010735542771,  9.00360162630151062E-3,  3.618950118729356
 14.877010734858775,  8.96451956580605024E-3,  3.6204201375817022
 14.904010734174779,  8.92568960568040394E-3,  3.6218809932162608
 14.931010733490783,  8.88710963876520287E-3,  3.6233327257512458
 14.958010732806788,  8.84877757925489616E-3,  3.6247753751508101
 14.985010732122792,  8.81069136244605478E-3,  3.6262089812250982
 15.012010731438796,  8.77284894448853922E-3,  3.627633583630538
 15.0390107307548,  8.73524830213960601E-3,  3.629049221870345
 15.066010730070804,  8.69788743252209763E-3,  3.6304559352946151
 15.093010729386808,  8.6607643528853924E-3,  3.6318537631007723
 15.120010728702812,  8.62387710036958272E-3,  3.6332427443338102
 15.147010728018817,  8.58722373177260578E-3,  3.6346229178866958
 15.174010727334821,  8.55080232332116469E-3,  3.6359943225005882
 15.201010726650825,  8.51461097044381443E-3,  3.6373569967652033
 15.228010725966829,  8.47864778754740984E-3,  3.6387109791192742
 15.255010725282833,  8.44291090779684256E-3,  3.6400563078507009
 15.282010724598837,  8.40739848289709032E-3,  3.6413930210969951
 15.309010723914842,  8.37210868287868552E-3,  3.6427211568455959
 15.336010723230846,  8.33703969588549948E-3,  3.6440407529342513
 15.36301072254685,  8.30218972796564758E-3,  3.64535184705134
 15.390010721862854,  8.26755700286516126E-3,  3.6466544767362019
 15.417010721178858,  8.23313976182418056E-3,  3.6479486793795552
 15.444010720494862,  8.19893626337579208E-3,  3.6492344922237892
 15.471010719810867,  8.16494478314774147E-3,  3.6505119523634524
 15.498010719126871,  8.13116361366642004E-3,  3.6517810967454651
 15.525010718442875,  8.09759106416372935E-3,  3.6530419621695809
 15.552010717758879,  8.0642254603862807E-3,  3.6542945852886866
 15.579010717074883,  8.03106514440687577E-3,  3.6555390026092813
 15.606010716390887,  7.99810847443875421E-3,  3.6567752504918216
 15.633010715706892,  7.96535382465216393E-3,  3.6580033651510759
 15.660010715022896,  7.93279958499328204E-3,  3.6592233826564264
 15.6870107143389,  7.90044416100532318E-3,  3.6604353389324791
 15.714010713654904,  7.86828597365213551E-3,  3.6616392697592151
 15.741010712970908,  7.83632345914403276E-3,  3.662835210772545
 15.768010712286912,  7.80455506876591692E-3,  3.6640231974645721
 15.795010711602917,  7.77297926870735775E-3,  3.6652032651840996
 15.822010710918921,  7.7415945398951044E-3,  3.6663754491369951
 15.849010710234925,  7.71039937782771068E-3,  3.667539784386519
 15.876010709550929,  7.6793922924120921E-3,  3.6686963058538429
 15.903010708866933,  7.64857180780237605E-3,  3.669845048318336
 15.930010708182937,  7.617936462240695E-3,  3.6709860464180819
 15.957010707498942,  7.58748480790004485E-3,  3.6721193346501719
 15.984010706814946,  7.55721541072902885E-3,  3.6732449473712085
 16.01101070613095,  7.52712685029879088E-3,  3.6743629187976197
 16.038010705446954,  7.49721771965163822E-3,  3.6754732830062218
 16.065010704762958,  7.46748662515172006E-3,  3.6765760739344628
 16.092010704078962,  7.43793218633763929E-3,  3.6776713253808904
 16.118999592690351,  7.40854097941916461E-3,  3.6787747323099054
 16.146010702710971,  7.37934781892131929E-3,  3.6798393443307735
 16.173010702026975,  7.35031519396677543E-3,  3.6809121787407211
 16.200010701342979,  7.32145383171127657E-3,  3.6819776074827111
 16.227010700658983,  7.29276241541740571E-3,  3.6830356636671953
 16.254010699974987,  7.26423964067548795E-3,  3.6840863802681985
 16.281010699290992,  7.23588421526847551E-3,  3.6851297901238596
 16.308010698606996,  7.20769485903873311E-3,  3.6861659259367614
 16.335010697923,  7.17967030375635164E-3,  3.687194820274426
 16.361999586560287,  7.1517978591013262E-3,  3.6882319522749469
 16.389010696555008,  7.12411058197408905E-3,  3.6892310141210665
 16.416010695871012,  7.09657293749086683E-3,  3.6902383780933854
 16.443010695187017,  7.0691951377362559E-3,  3.6912386295180073
 16.470010694503021,  7.04197597220062796E-3,  3.6922318002933499
 16.497010693819025,  7.0149142415456868E-3,  3.6932179221853265
 16.524010693135029,  6.98800875748390414E-3,  3.6941970268276871
 16.551010692451033,  6.96125834265926089E-3,  3.6951691457226081
 16.578010691767037,  6.93466183052957822E-3,  3.6961343102409359
 16.604999580430224,  6.9082072124979502E-3,  3.6971077879559084
 16.632010690399046,  6.88192590155913345E-3,  3.6980439009779005
 16.65901068971505,  6.85578420466372625E-3,  3.6989883892860509
 16.686010689031054,  6.8297918501284572E-3,  3.6999260473975131
 16.713010688347058,  6.80394772376434996E-3,  3.7008569060335619
 16.740010687663062,  6.77825072151966041E-3,  3.7017809957867205
 16.767010686979066,  6.75269974937169754E-3,  3.7026983471214092
 16.794010686295071,  6.72729372322031487E-3,  3.7036089903742755
 16.821010685611075,  6.70203156878235087E-3,  3.7045129557546326
 16.847999574300161,  6.67690191183880483E-3,  3.7054253034480289
 16.875010684243083,  6.65193462637605083E-3,  3.7063009731009897
 16.902010683559087,  6.62709773799589723E-3,  3.7071850848529402
 16.929010682875091,  6.60240052030346396E-3,  3.7080626383050799
 16.956010682191096,  6.57784194656395056E-3,  3.7089336630366647
 16.9830106815071,  6.55342099925333363E-3,  3.709798188502206
 17.010010680823104,  6.52913666996164134E-3,  3.7106562440319468
 17.037010680139108,  6.50498795929718189E-3,  3.7115078588323325
 17.064010679455112,  6.48097387679213988E-3,  3.7123530619863927
 17.091010678771116,  6.45709344080915362E-3,  3.7131918824541903
 17.118010678087121,  6.43334567844896718E-3,  3.7140243490732723
 17.145010677403125,  6.40972962545937556E-3,  3.7148504905591011
 17.172010676719129,  6.38624432614505119E-3,  3.7156703355054908
 17.199010676035133,  6.36288883327849365E-3,  3.7164839123850482
 17.226010675351137,  6.33966220801217284E-3,  3.7172912495496182
 17.253010674667141,  6.31656351979158117E-3,  3.7180923752306754
 17.280010673983146,  6.29359184626930059E-3,  3.7188873175397847
 17.30701067329915,  6.27074627322013033E-3,  3.7196761044690563
 17.334010672615154,  6.24802589445722784E-3,  3.7204587638915769
 17.361010671931158,  6.22542981174927477E-3,  3.7212353235618219
 17.388010671247162,  6.20295713473843595E-3,  3.7220058111161127
 17.415010670563166,  6.18060698085960616E-3,  3.7227702540729704
 17.442010669879171,  6.15837847526017404E-3,  3.7235286798337621
 17.469010669195175,  6.13627075072113899E-3,  3.7242811156828566
 17.496010668511179,  6.11428294757895233E-3,  3.7250275887882598
 17.523010667827183,  6.09241421364825272E-3,  3.7257681262019617
 17.550010667143187,  6.0706637041454967E-3,  3.7265027548603875
 17.577010666459191,  6.04903058161368121E-3,  3.7272315015848285
 17.604010665775196,  6.02751401584763428E-3,  3.7279543930818821
 17.6310106650912,  6.00611318382039596E-3,  3.7286714559438399
 17.658010664407204,  5.98482726961039203E-3,  3.7293827166492184
 17.685010663723208,  5.96365546432941953E-3,  3.7300882015630332
 17.712010663039212,  5.94259696605152054E-3,  3.7307879369373906
 17.739010662355216,  5.92165097974260701E-3,  3.731481948911755
 17.766010661671221,  5.90081671719094088E-3,  3.7321702635135683
 17.793010660987225,  5.88009339693845029E-3,  3.7328529066585032
 17.820010660303229,  5.85948024421279086E-3,  3.7335299041509731
 17.847010659619233,  5.83897649086015814E-3,  3.7342012816845678
 17.874010658935237,  5.81858137527897779E-3,  3.7348670648423896
 17.901010658251241,  5.79829414235415262E-3,  3.7355272790976088
 17.928010657567246,  5.77811404339235481E-3,  3.7361819498137909
 17.95501065688325,  5.75804033605782466E-3,  3.7368311022453087
 17.982010656199254,  5.73807228430892047E-3,  3.7374747615378952
 18.009010655515258,  5.71820915833552192E-3,  3.7381129527289088
 18.036010654831262,  5.69845023449708395E-3,  3.7387457007478231
 18.063010654147266,  5.67879479526126225E-3,  3.7393730304166954
 18.090010653463271,  5.65924212914355879E-3,  3.7399949664504275
 18.117010652779275,  5.63979153064715286E-3,  3.7406115334573875
 18.144010652095279,  5.62044230020399601E-3,  3.7412227559396989
 18.170999540925372,  5.60118584230041763E-3,  3.7418426346205744
 18.198010650727287,  5.58204517449770437E-3,  3.7424292648103057
 18.225010650043291,  5.56299590921814982E-3,  3.7430245996755325
 18.252010649359296,  5.54404527184522E-3,  3.7436146869707714
 18.2790106486753,  5.52519259158917083E-3,  3.744199550673323
 18.306010647991304,  5.5064372032474912E-3,  3.744779214656734
 18.333010647307308,  5.48777844715022528E-3,  3.7453537026912387
 18.360010646623312,  5.46921566910581625E-3,  3.7459230384441957
 18.387010645939316,  5.4507482203477297E-3,  3.7464872454804583
 18.41401064525532,  5.43237545748146214E-3,  3.7470463472627755
 18.441010644571325,  5.41409674243240133E-3,  3.7476003671522125
 18.468010643887329,  5.39591144239398319E-3,  3.748149328408569
 18.495010643203333,  5.37781892977662931E-3,  3.7486932541908171
 18.522010642519337,  5.3598185821571746E-3,  3.7492321675574329
 18.549010641835341,  5.34190978222889943E-3,  3.7497660914668041
 18.576010641151345,  5.32409191775197639E-3,  3.7502950487777258
 18.60301064046735,  5.3063643815047367E-3,  3.7508190622496627
 18.630010639783354,  5.28872657123510056E-3,  3.7513381545433018
 18.657010639099358,  5.27117788961292601E-3,  3.751852348220877
 18.684010638415362,  5.25371774418265797E-3,  3.7523616657464691
 18.711010637731366,  5.2363455473164195E-3,  3.7528661294866423
 18.73801063704737,  5.21906071616797581E-3,  3.7533657617106013
 18.765010636363375,  5.20186267262676225E-3,  3.7538605845907389
 18.792010635679379,  5.18475084327280587E-3,  3.7543506202028731
 18.819010634995383,  5.16772465933174486E-3,  3.7548358905269326
 18.846010634311387,  5.15078355663073795E-3,  3.755316417446974
 18.873010633627391,  5.13392697555459677E-3,  3.7557922227519014
 18.900010632943395,  5.11715436100243243E-3,  3.7562633281356566
 18.9270106322594,  5.10046516234497274E-3,  3.756729755197636
 18.954010631575404,  5.08385883338191742E-3,  3.7571915254431989
 18.981010630891408,  5.06733483230026316E-3,  3.7576486602839081
 19.008010630207412,  5.05089262163270231E-3,  3.7581011810379388
 19.035010629523416,  5.03453166821666871E-3,  3.7585491089305818
 19.06201062883942,  5.01825144315369131E-3,  3.7589924650945212
 19.089010628155425,  5.00205142176931086E-3,  3.7594312705702242
 19.116010627471429,  4.98593108357344317E-3,  3.7598655463063029
 19.143010626787433,  4.96988991222096447E-3,  3.7602953131600096
 19.170010626103437,  4.95392739547294465E-3,  3.7607205918974516
 19.197010625419441,  4.93804302515811998E-3,  3.7611414031941539
 19.224010624735445,  4.92223629713507086E-3,  3.7615577676352503
 19.25101062405145,  4.90650671125432165E-3,  3.7619697057159858
 19.278010623367454,  4.89085377132134329E-3,  3.7623772378420388
 19.305010622683458,  4.87527698505963499E-3,  3.7627803843299299
 19.332010621999462,  4.85977586407432532E-3,  3.7631791654073705
 19.359010621315466,  4.84434992381616893E-3,  3.7635736012135852
 19.38601062063147,  4.82899868354581124E-3,  3.7639637117997538
 19.413010619947475,  4.81372166629858919E-3,  3.7643495171293808
 19.440010619263479,  4.79851839884954268E-3,  3.7647310370786302
 19.467010618579483,  4.78338841167896562E-3,  3.7651082914366945
 19.494010617895487,  4.76833123893817892E-3,  3.7654812999061766
 19.521010617211491,  4.75334641841577022E-3,  3.76585008210344
 19.548010616527495,  4.73843349150411194E-3,  3.7662146575589737
 19.5750106158435,  4.72359200316627321E-3,  3.7665750457177882
 19.602010615159504,  4.70882150190330123E-3,  3.7669312659396863
 19.629010614475508,  4.69412153972174635E-3,  3.7672833374997192
 19.656010613791512,  4.67949167210163913E-3,  3.7676312795885205
 19.683010613107516,  4.66493145796476397E-3,  3.7679751113126057
 19.71001061242352,  4.65044045964327878E-3,  3.7683148516947944
 19.737010611739525,  4.63601824284860364E-3,  3.7686505196745483
 19.764010611055529,  4.62166437664071703E-3,  3.7689821341082963
 19.791010610371533,  4.60737843339767156E-3,  3.7693097137698568
 19.818010609687537,  4.59315998878556241E-3,  3.7696332773506773
 19.845010609003541,  4.57900862172869356E-3,  3.769952843460282
 19.872010608319545,  4.56492391438003461E-3,  3.7702684306266243
 19.89901060763555,  4.55090545209219186E-3,  3.7705800572963195
 19.926010606951554,  4.53695282338841595E-3,  3.7708877418351205
 19.953010606267558,  4.5230656199340448E-3,  3.7711915025281715
 19.980010605583562,  4.50924343650823626E-3,  3.7714913575804418
 20.007010604899566,  4.49548587097594113E-3,  3.7717873251170002
 20.03401060421557,  4.48179252426029236E-3,  3.7720794231833223
 20.061010603531575,  4.46816300031507158E-3,  3.7723676697457607
 20.088010602847579,  4.45459690609762825E-3,  3.7726520826917493
 20.115010602163583,  4.44109385154206095E-3,  3.7729326798302298
 20.142010601479587,  4.42765344953254935E-3,  3.7732094788919426
 20.169010600795591,  4.41427531587708973E-3,  3.7734824975298022
 20.196010600111595,  4.40095906928151918E-3,  3.7737517533191824
 20.223010599427599,  4.38770433132367865E-3,  3.774017263758215
 20.250010598743604,  4.37451072642783788E-3,  3.7742790462682905
 20.277010598059608,  4.36137788183954891E-3,  3.7745371181942025
 20.304010597375612,  4.34830542760061747E-3,  3.7747914968045584
 20.331010596691616,  4.3352929965243172E-3,  3.7750421992921503
 20.35801059600762,  4.32234022417098563E-3,  3.7752892427741935
 20.385010595323624,  4.3094467488237493E-3,  3.7755326442926531
 20.412010594639629,  4.29661221146444925E-3,  3.775772420814703
 20.439010593955633,  4.28383625575000804E-3,  3.7760085892328692
 20.466010593271637,  4.27111852798885746E-3,  3.7762411663654829
 20.493010592587641,  4.2584586771176559E-3,  3.776470168956922
 20.520010591903645,  4.24585635467827297E-3,  3.7766956136779775
 20.547010591219649,  4.23331121479490844E-3,  3.7769175171262179
 20.574010590535654,  4.22082291415168745E-3,  3.7771358958261185
 20.601010589851658,  4.2083911119700293E-3,  3.7773507662296586
 20.628010589167662,  4.19601546998680814E-3,  3.7775621447163417
 20.655010588483666,  4.18369565243225001E-3,  3.7777700475937563
 20.68201058779967,  4.17143132600828002E-3,  3.7779744910977522
 20.709010587115674,  4.15922215986713577E-3,  3.7781754913927457
 20.736010586431679,  4.14706782558997566E-3,  3.7783730645721225
 20.763010585747683,  4.13496799716593557E-3,  3.7785672266584656
 20.790010585063687,  4.12292235097126789E-3,  3.7787579936039073
 20.817010584379691,  4.11093056574862031E-3,  3.7789453812904368
 20.844010583695695,  4.09899232258675687E-3,  3.7791294055301545
 20.871010583011699,  4.08710730490026344E-3,  3.7793100820655763
 20.898010582327704,  4.07527519840949256E-3,  3.7794874265700331
 20.925010581643708,  4.06349569112073733E-3,  3.7796614546479335
 20.952010580959712,  4.05176847330667757E-3,  3.7798321818349501
 20.979010580275716,  4.04009323748689368E-3,  3.7799996235984787
 21.00601057959172,  4.02846967840857391E-3,  3.7801637953378493
 21.033010578907724,  4.01689749302752263E-3,  3.7803247123846599
 21.060010578223729,  4.00537638048930646E-3,  3.7804823900030256
 21.087010577539733,  3.99390604211051319E-3,  3.7806368433899116
 21.114010576855737,  3.9824861813602605E-3,  3.7807880876754649
 21.141010576171741,  3.97111650384189552E-3,  3.7809361379232147
 21.168010575487745,  3.95979671727487124E-3,  3.7810810091303781
 21.195010574803749,  3.94852653147672195E-3,  3.7812227162282537
 21.222010574119754,  3.93730565834529526E-3,  3.7813612740824549
 21.249010573435758,  3.92613381184121063E-3,  3.7814966974931137
 21.276010572751762,  3.91501070797035597E-3,  3.7816290011952192
 21.303010572067766,  3.90393606476650487E-3,  3.7817581998590648
 21.33001057138377,  3.8929096022744243E-3,  3.7818843080902189
 21.357010570699774,  3.88193104253277931E-3,  3.7820073404301189
 21.384010570015779,  3.8710001095574177E-3,  3.7821273113561049
 21.411010569331783,  3.86011652932472839E-3,  3.7822442352818624
 21.438010568647787,  3.84928002975518839E-3,  3.7823581265576429
 21.465010567963791,  3.83849034069708639E-3,  3.7824689994705669
 21.492010567279795,  3.82774719391033077E-3,  3.7825768682448855
 21.519010566595799,  3.81705032305055961E-3,  3.7826817470422194
 21.546010565911804,  3.80639946365321892E-3,  3.7827836499618943
 21.573010565227808,  3.79579435311790548E-3,  3.7828825910411954
 21.600010564543812,  3.78523473069288831E-3,  3.7829785842556234
 21.627010563859816,  3.77472033745964233E-3,  3.78307164351923
 21.65401056317582,  3.76425091631769383E-3,  3.7831617826848087
 21.681010562491824,  3.75382621196951489E-3,  3.7832490155441358
 21.708010561807829,  3.74344597090553975E-3,  3.783333355828391
 21.735010561123833,  3.73310994138939187E-3,  3.7834148172083104
 21.762010560439837,  3.72281787344322769E-3,  3.7834934132944373
 21.789010559755841,  3.71256951883321227E-3,  3.7835691576374959
 21.816010559071845,  3.70236463105511927E-3,  3.7836420637285086
 21.843010558387849,  3.69220296532010283E-3,  3.7837121449992024
 21.870010557703853,  3.68208427854057902E-3,  3.7837794148221957
 21.897010557019858,  3.67200832931624446E-3,  3.7838438865112458
 21.924010556335862,  3.66197487792023751E-3,  3.7839055733215416
 21.951010555651866,  3.65198368628540495E-3,  3.7839644884499575
 21.97801055496787,  3.64203451799074117E-3,  3.7840206450353127
 22.005010554283874,  3.63212713824787167E-3,  3.7840740561586594
 22.032010553599878,  3.62226131388780235E-3,  3.7841247348434552
 22.059010552915883,  3.61243681334766321E-3,  3.7841726940558678
 22.086010552231887,  3.6026534066576207E-3,  3.7842179467050467
 22.113010551547891,  3.59291086542793932E-3,  3.7842605056433314
 22.140010550863895,  3.58320896283611644E-3,  3.7843003836665843
 22.167010550179899,  3.57354747361417939E-3,  3.7843375935143282
 22.194010549495903,  3.56392617403607313E-3,  3.7843721478700889
 22.221010548811908,  3.55434484190520622E-3,  3.7844040593615595
 22.248010548127912,  3.54480325654204457E-3,  3.7844333405609558
 22.275010547443916,  3.53530119877188331E-3,  3.7844600039851315
 22.30201054675992,  3.52583845091267037E-3,  3.784484062095987
 22.329010546075924,  3.51641479676305119E-3,  3.784505527300527
 22.356010545391928,  3.50703002159037007E-3,  3.7845244119512684
 22.383010544707933,  3.49768391211892349E-3,  3.784540728346379
 22.410010544023937,  3.48837625651824855E-3,  3.7845544887299414
 22.437010543339941,  3.47910684439153156E-3,  3.7845657052922372
 22.464010542655945,  3.46987546676411117E-3,  3.7845743901699276
 22.491010541971949,  3.46068191607216361E-3,  3.7845805554463081
 22.518010541287953,  3.45152598615134937E-3,  3.7845842131515752
 22.545010540603958,  3.44240747222570795E-3,  3.784585375263033
 22.572010539919962,  3.43332617089658031E-3,  3.7845840537052964
 22.599010539235966,  3.42428188013160079E-3,  3.784580260350642
 22.62601053855197,  3.41527439925389973E-3,  3.7845740070191245
 22.653010537867974,  3.40630352893132697E-3,  3.7845653054788229
 22.680010537183978,  3.39736907116573294E-3,  3.7845541674461303
 22.707010536499983,  3.38847082928247926E-3,  3.7845406045859247
 22.734010535815987,  3.37960860791989811E-3,  3.7845246285118628
 22.761010535131991,  3.37078221301895676E-3,  3.7845062507865226
 22.788010534447995,  3.3619914518129815E-3,  3.7844854829216836
 22.815010533763999,  3.35323613281742058E-3,  3.7844623363785752
 22.842010533080003,  3.34451606581980584E-3,  3.7844368225680678
 22.869010532396008,  3.33583106186971642E-3,  3.7844089528508649
 22.896010531712012,  3.32718093326888698E-3,  3.7843787385377778
 22.923010531028016,  3.31856549356133795E-3,  3.7843461908899556
 22.95001053034402,  3.30998455752369797E-3,  3.7843113211190582
 22.977010529660024,  3.30143794115551718E-3,  3.7842741403875158
 23.004010528976028,  3.29292546166970674E-3,  3.7842346598087442
 23.031010528292033,  3.28444693748308715E-3,  3.7841928904473168
 23.058010527608037,  3.27600218820699694E-3,  3.7841488433192487
 23.085010526924041,  3.26759103463796028E-3,  3.7841025293921855
 23.112010526240045,  3.25921329874849335E-3,  3.78405395958556
 23.139010525556049,  3.25086880367793027E-3,  3.7840031447709408
 23.166010524872053,  3.24255737372341644E-3,  3.7839500957721239
 23.193010524188058,  3.23427883433087407E-3,  3.7838948233654222
 23.220010523504062,  3.22603301208616595E-3,  3.7838373382797887
 23.247010522820066,  3.21781973470621407E-3,  3.7837776511971324
 23.27401052213607,  3.20963883103032388E-3,  3.7837157727524686
 23.301010521452074,  3.20149013101147552E-3,  3.7836517135341046
 23.328010520768078,  3.19337346570774429E-3,  3.7835854840839525
 23.355010520084083,  3.1852886672738695E-3,  3.7835170948975572
 23.382010519400087,  3.17723556895266757E-3,  3.7834465564245137
 23.409010518716091,  3.16921400506680337E-3,  3.7833738790685336
 23.436010518032095,  3.16122381101049824E-3,  3.7832990731876484
 23.463010517348099,  3.15326482324122023E-3,  3.7832221490945401
 23.490010516664103,  3.14533687927167445E-3,  3.7831431170565613
 23.517010515980107,  3.13743981766165638E-3,  3.7830619872960685
 23.544010515296112,  3.1295734780100639E-3,  3.7829787699905992
 23.571010514612116,  3.12173770094699562E-3,  3.7828934752729939
 23.59801051392812,  3.11393232812586613E-3,  3.7828061132317368
 23.625010513244124,  3.10615720221564789E-3,  3.7827166939110382
 23.652010512560128,  3.09841216689313824E-3,  3.7826252273110534
 23.679010511876132,  3.09069706683531668E-3,  3.7825317233881122
 23.706010511192137,  3.08301174771174243E-3,  3.7824361920549148
 23.733010510508141,  3.07535605617706084E-3,  3.7823386431806618
 23.760010509824145,  3.06772983986351418E-3,  3.78223908659134
 23.787010509140149,  3.06013294737360548E-3,  3.782137532069842
 23.814010508456153,  3.05256522827273809E-3,  3.782033989356191
 23.841010507772157,  3.04502653308195547E-3,  3.781928468147731
 23.868010507088162,  3.03751671327077239E-3,  3.7818209780993306
 23.895010506404166,  3.03003562125002011E-3,  3.7817115288235335
 23.92201050572017,  3.02258311036476823E-3,  3.7816001298907738
 23.949010505036174,  3.01515903488733033E-3,  3.78148679082955
 23.976010504352178,  3.00776325001029859E-3,  3.7813715211266588
 24.003010503668182,  3.00039561183968254E-3,  3.7812543302272958
 24.030010502984187,  2.99305597738802869E-3,  3.78113522753533
 24.057010502300191,  2.98574420456770937E-3,  3.7810142224134107
 24.084010501616195,  2.97846015218414814E-3,  3.7808913241832083
 24.111010500932199,  2.97120367992919797E-3,  3.7807665421255776
 24.138010500248203,  2.96397464837453188E-3,  3.7806398854807526
 24.165010499564207,  2.95677291896512219E-3,  3.7805113634484862
 24.192010498880212,  2.94959835401273091E-3,  3.780380985188287
 24.219010498196216,  2.9424508166894861E-3,  3.7802487598195245
 24.24601049751222,  2.93533017102148375E-3,  3.7801146964217152
 24.273010496828224,  2.92823628188250808E-3,  3.779978804034597
 24.300010496144228,  2.92116901498773712E-3,  3.779841091658386
 24.327010495460232,  2.91412823688754017E-3,  3.7797015682538566
 24.354010494776237,  2.90711381496132262E-3,  3.7795602427426256
 24.381010494092241,  2.900125617411352E-3,  3.7794171240072942
 24.408010493408245,  2.89316351325681924E-3,  3.7792722208915541
 24.435010492724249,  2.88622737232774578E-3,  3.7791255422004335
 24.462010492040253,  2.87931706525903662E-3,  3.7789770967004741
 24.489010491356257,  2.87243246348460168E-3,  3.7788268931198745
 24.516010490672262,  2.86557343923151634E-3,  3.7786749401485915
 24.543010489988266,  2.85873986551414463E-3,  3.7785212464386819
 24.57001048930427,  2.85193161612846101E-3,  3.7783658206043289
 24.597010488620274,  2.84514856564630197E-3,  3.7782086712220777
 24.624010487936278,  2.83839058940972425E-3,  3.778049806830948
 24.651010487252282,  2.83165756352538392E-3,  3.7778892359326113
 24.678010486568287,  2.82494936485895706E-3,  3.777726966991672
 24.705010485884291,  2.81826587102965761E-3,  3.7775630084356608
 24.732010485200295,  2.81160696040472962E-3,  3.7773973686553375
 24.759010484516299,  2.80497251209404488E-3,  3.7772300560047638
 24.786010483832303,  2.79836240594472357E-3,  3.7770610788015029
 24.813010483148307,  2.79177652253578042E-3,  3.7768904453267735
 24.840010482464312,  2.78521474317285642E-3,  3.7767181638256391
 24.867010481780316,  2.77867694988292438E-3,  3.776544242507164
 24.89401048109632,  2.77216302540916155E-3,  3.7763686895445141
 24.921010480412324,  2.76567285320572726E-3,  3.7761915130751729
 24.948010479728328,  2.75920631743266451E-3,  3.7760127212011065
 24.975010479044332,  2.7527633029508212E-3,  3.7758323219889158
 25.002010478360337,  2.74634369531684148E-3,  3.7756503234699501
 25.029010477676341,  2.73994738077815419E-3,  3.7754667336405165
 25.056010476992345,  2.73357424626800719E-3,  3.7752815604620236
 25.083010476308349,  2.72722417940060319E-3,  3.7750948118611092
 25.110010475624353,  2.72089706846618661E-3,  3.77490649572982
 25.137010474940357,  2.71459280242623575E-3,  3.7747166199257776
 25.164010474256362,  2.70831127090869058E-3,  3.7745251922722827
 25.191010473572366,  2.70205236420314977E-3,  3.7743322205585588
 25.21801047288837,  2.69581597325623543E-3,  3.7741377125398023
 25.245010472204374,  2.68960198966686215E-3,  3.7739416759373787
 25.272010471520378,  2.68341030568163691E-3,  3.7737441184389819
 25.299010470836382,  2.6772408141902339E-3,  3.7735450476987613
 25.326010470152386,  2.6710934087208712E-3,  3.7733444713375204
 25.353010469468391,  2.66496798343577451E-3,  3.7731423969428013
 25.380010468784395,  2.65886443312670934E-3,  3.7729388320690473
 25.407010468100399,  2.65278265321047205E-3,  3.7727337842378104
 25.434010467416403,  2.64672253972457732E-3,  3.7725272609378142
 25.461010466732407,  2.6406839893227973E-3,  3.7723192696251377
 25.488010466048411,  2.63466689927087643E-3,  3.7721098177234009
 25.515010465364416,  2.62867116744221153E-3,  3.7718989126238065
 25.54201046468042,  2.62269669231358178E-3,  3.7716865616853696
 25.569010463996424,  2.61674337296089821E-3,  3.7714727722350512
 25.596010463312428,  2.61081110905503691E-3,  3.7712575515678814
 25.623010462628432,  2.60489980085764098E-3,  3.77104090694711
 25.650010461944436,  2.59900934921703571E-3,  3.7708228456043011
 25.677010461260441,  2.5931396555640444E-3,  3.7706033747395962
 25.704010460576445,  2.58729062190799419E-3,  3.7703825015217349
 25.731010459892449,  2.58146215083270535E-3,  3.770160233088184
 25.758010459208453,  2.57565414549238564E-3,  3.7699365765454425
 25.785010458524457,  2.56986650960776232E-3,  3.7697115389689575
 25.812010457840461,  2.56409914746210136E-3,  3.7694851274034034
 25.839010457156466,  2.55835196389729959E-3,  3.7692573488628223
 25.86601045647247,  2.55262486431003357E-3,  3.7690282103306458
 25.893010455788474,  2.54691775464789029E-3,  3.768797718759977
 25.920010455104478,  2.54123054140558465E-3,  3.7685658810736067
 25.947010454420482,  2.53556313162113566E-3,  3.7683327041642727
 25.974010453736486,  2.52991543287216453E-3,  3.768098194894602
 26.001010453052491,  2.52428735327213339E-3,  3.7678623600974528
 26.028010452368495,  2.51867880146668111E-3,  3.7676252065758891
 26.055010451684499,  2.51308968662993307E-3,  3.767386741103433
 26.082010451000503,  2.50751991846089994E-3,  3.7671469704240939
 26.109010450316507,  2.50196940717983428E-3,  3.7669059012526107
 26.136010449632511,  2.49643806352469128E-3,  3.7666635402744553
 26.163010448948516,  2.49092579874757997E-3,  3.7664198941459883
 26.19001044826452,  2.48543252461120179E-3,  3.7661749694947164
 26.217010447580524,  2.47995815338537861E-3,  3.7659287729193309
 26.244010446896528,  2.47450259784363696E-3,  3.7656813109897116
 26.271010446212532,  2.46906577125969055E-3,  3.7654325902472943
 26.298010445528536,  2.46364758740407743E-3,  3.76518261720507
 26.325010444844541,  2.45824796054078427E-3,  3.7649313983476271
 26.352010444160545,  2.45286680542385928E-3,  3.7646789401314642
 26.379010443476549,  2.44750403729412924E-3,  3.7644252489849364
 26.406010442792553,  2.44215957187579949E-3,  3.7641703313085717
 26.433010442108557,  2.43683332537327933E-3,  3.7639141934750069
 26.460010441424561,  2.431525214467916E-3,  3.7636568418291865
 26.487010440740566,  2.42623515631467789E-3,  3.763398282688561
 26.51401044005657,  2.42096306853907756E-3,  3.7631385223430214
 26.541010439372574,  2.41570886923389962E-3,  3.762877567055229
 26.568010438688578,  2.41047247695607477E-3,  3.7626154230606317
 26.595010438004582,  2.40525381072359415E-3,  3.7623520965675583
 26.622010437320586,  2.40005279001233611E-3,  3.7620875937574136
 26.649010436636591,  2.39486933475304776E-3,  3.7618219207847385
 26.676010435952595,  2.38970336532824852E-3,  3.761555083777365
 26.703010435268599,  2.3845548025692347E-3,  3.7612870888365166
 26.730010434584603,  2.37942356775300377E-3,  3.7610179420369558
 26.757010433900607,  2.37430958259938173E-3,  3.7607476494269987
 26.784010433216611,  2.36921276926798253E-3,  3.7604762170287467
 26.811010432532616,  2.36413305035523998E-3,  3.7602036508382235
 26.83801043184862,  2.35907034889158186E-3,  3.7599299568253728
 26.865010431164624,  2.35402458833846836E-3,  3.7596551409342212
 26.892010430480628,  2.34899569258556224E-3,  3.7593792090830238
 26.919010429796632,  2.34398358594782499E-3,  3.7591021671644023
 26.946010429112636,  2.33898819316276721E-3,  3.7588240210453092
 26.97301042842864,  2.33400943938757641E-3,  3.7585447765673372
 27.000010427744645,  2.32904725019636568E-3,  3.7582644395466787
 27.004810427623045,  2.32816681176662614E-3,  3.7582144879148531
 27.009610427501446,  2.32728689410488044E-3,  3.7581645019688099
 27.014410427379847,  2.32640749679704616E-3,  3.7581144817410062
 27.019210427258248,  2.32552861942946854E-3,  3.7580644272638293
 27.024010427136648,  2.3246502615888948E-3,  3.7580143385696614
 27.028810427015049,  2.32377242286248287E-3,  3.7579642156908619
 27.03361042689345,  2.32289510283780008E-3,  3.7579140586597521
 27.038410426771851,  2.32201830110281057E-3,  3.7578638675086475
 27.043210426650251,  2.32114201724590392E-3,  3.7578136422698267
 27.048021537639482,  2.32026422421884601E-3,  3.757763266595092
 27.052821537517882,  2.319388976081296E-3,  3.757712973198839
 27.057621537396283,  2.31851424458845694E-3,  3.7576626458116342
 27.062421537274684,  2.31764002933034993E-3,  3.7576122844656439
 27.067221537153085,  2.31676632989738203E-3,  3.7575618891930298
 27.072021537031485,  2.31589314588036624E-3,  3.7575114600259298
 27.076821536909886,  2.31502047687053144E-3,  3.7574609969964405
 27.081621536788287,  2.31414832245950379E-3,  3.7574105001366305
 27.086421536666688,  2.31327668223931101E-3,  3.7573599694785726
 27.091221536545088,  2.31240555580238417E-3,  3.757309405054297
 27.096021536423489,  2.3115349427415598E-3,  3.7572588068957975
 27.100832647412719,  2.31066282912426296E-3,  3.7572080577926128
 27.10563264729112,  2.30979324278175963E-3,  3.7571573921837111
 27.110432647169521,  2.30892416859532863E-3,  3.7571066929365378
 27.115232647047922,  2.30805560615941503E-3,  3.7570559600829943
 27.120032646926322,  2.30718755506885377E-3,  3.7570051936549658
 27.124832646804723,  2.3063200149188866E-3,  3.7569543936843139
 27.129632646683124,  2.3054529853051447E-3,  3.7569035602028764
 27.134432646561525,  2.30458646582367387E-3,  3.7568526932424513
 27.139232646439925,  2.30372045607090195E-3,  3.7568017928348287
 27.144032646318326,  2.30285495564366447E-3,  3.7567508590117722
 27.148865981111008,  2.30197995561985452E-3,  3.75670852559761
 27.153665980989921,  2.301115478519277E-3,  3.7566575228968069
 27.158465980868833,  2.30025150953246105E-3,  3.7566064868766049
 27.163265980747745,  2.29938804825783119E-3,  3.7565554175686584
 27.168065980626658,  2.2985250942942014E-3,  3.7565043150046207
 27.17286598050557,  2.29766264724078897E-3,  3.7564531792160851
 27.177665980384482,  2.29680070669720021E-3,  3.7564020102346518
 27.182465980263395,  2.2959392722634339E-3,  3.7563508080918799
 27.187265980142307,  2.29507834353988825E-3,  3.7562995728193069
 27.192065980021219,  2.29421792012734702E-3,  3.7562483044484569
 27.196865979900132,  2.29335800162699509E-3,  3.7561970030108074
 27.201665979779044,  2.29249858764040033E-3,  3.7561456685378376
 27.206465979657956,  2.29163967776952913E-3,  3.7560943010609797
 27.211265979536869,  2.29078127161673776E-3,  3.7560429006116496
 27.216065979415781,  2.28992336878476891E-3,  3.7559914672212487
 27.220865979294693,  2.28906596887675689E-3,  3.7559400009211488
 27.225665979173606,  2.28820907149622889E-3,  3.7558885017426884
 27.230465979052518,  2.28735267624710159E-3,  3.7558369697171905
 27.23526597893143,  2.2864967827336798E-3,  3.755785404875946
 27.240065978810343,  2.28564139056065124E-3,  3.7557338072502389
 27.244865978689255,  2.28478649933310267E-3,  3.7556821768713031
 27.249665978568167,  2.28393210865649419E-3,  3.7556305137703752
 27.25446597844708,  2.28307821813668538E-3,  3.7555788179786509
 27.259265978325992,  2.28222482737991264E-3,  3.7555270895273098
 27.264065978204904,  2.28137193599281442E-3,  3.7554753284474858
 27.268865978083817,  2.28051954358239042E-3,  3.7554235347703342
 27.273665977962729,  2.27966764975604582E-3,  3.7553717085269436
 27.278465977841641,  2.27881625412156268E-3,  3.7553198497483931
 27.283265977720554,  2.27796535628710774E-3,  3.7552679584657445
 27.288065977599466,  2.27711495586123197E-3,  3.7552160347100307
 27.292865977478378,  2.27626505245287231E-3,  3.7551640785122551
 27.297665977357291,  2.2754156456713439E-3,  3.7551120899034029
 27.302499310568695,  2.27456084164832928E-3,  3.7550597075444254
 27.307299310447608,  2.27371243039196968E-3,  3.7550076539817328
 27.31209931032652,  2.27286451458998682E-3,  3.7549555681009865
 27.316899310205432,  2.27201709385322628E-3,  3.7549034499330776
 27.321699310084345,  2.27117016779291876E-3,  3.754851299508867
 27.326499309963257,  2.27032373602067093E-3,  3.754799116859199
 27.331299309842169,  2.26947779814847938E-3,  3.7547469020148823
 27.336099309721082,  2.26863235378870539E-3,  3.7546946550067197
 27.340899309599994,  2.2677874025540958E-3,  3.7546423758654806
 27.345699309478906,  2.26694294405777996E-3,  3.7545900646219006
 27.350499309357819,  2.2660989779132606E-3,  3.7545377213067108
 27.355299309236731,  2.26525550373441647E-3,  3.7544853459506089
 27.360099309115643,  2.26441252113551055E-3,  3.7544329385842645
 27.364899308994556,  2.26357002973117706E-3,  3.7543804992383341
 27.369699308873468,  2.26272802913642882E-3,  3.7543280279434392
 27.37449930875238,  2.26188651896665205E-3,  3.7542755247301858
 27.379299308631293,  2.26104549883760983E-3,  3.7542229896291546
 27.384099308510205,  2.26020496836544385E-3,  3.7541704226709007
 27.388899308389117,  2.25936492716666531E-3,  3.754117823885958
 27.39369930826803,  2.25852537485816225E-3,  3.7540651933048355
 27.398499308146942,  2.25768631105719483E-3,  3.7540125309580192
 27.403299308025854,  2.2568477353813992E-3,  3.7539598368759646
 27.408099307904767,  2.25600964744877971E-3,  3.7539071110891213
 27.412899307783679,  2.25517204687771975E-3,  3.7538543536278928
 27.417699307662591,  2.25433493328696657E-3,  3.7538015645226834
 27.422499307541504,  2.25349830629564861E-3,  3.7537487438038495
 27.427299307420416,  2.25266216552325342E-3,  3.7536958915017506
 27.432099307299328,  2.25182651058965016E-3,  3.7536430076466942
 27.436899307178241,  2.25099134111507362E-3,  3.7535900922689818
 27.441699307057153,  2.25015665672012848E-3,  3.7535371453988908
 27.446499306936065,  2.24932245702579156E-3,  3.7534841670666719
 27.451310416311781,  2.24849067099962274E-3,  3.7534221657655933
 27.456110416190182,  2.24765743845089768E-3,  3.7533691263950901
 27.460910416068582,  2.24682468946878992E-3,  3.7533160556524745
 27.465710415946983,  2.24599242367574644E-3,  3.7532629535679081
 27.470510415825384,  2.24516064069458067E-3,  3.753209820171524
 27.475310415703785,  2.24432934014847643E-3,  3.7531566554934348
 27.480110415582185,  2.24349852166097485E-3,  3.7531034595637327
 27.484910415460586,  2.24266818485600091E-3,  3.7530502324124693
 27.489710415338987,  2.24183832935782434E-3,  3.7529969740697045
 27.494510415217388,  2.24100895479109044E-3,  3.7529436845654551
 27.499321526206618,  2.24017814260187497E-3,  3.7528902404662166
 27.504121526085019,  2.23934972988452073E-3,  3.7528368886569949
 27.508921525963419,  2.23852179697386867E-3,  3.7527835057762617
 27.51372152584182,  2.23769434349601563E-3,  3.7527300918539535
 27.518521525720221,  2.23686736907742576E-3,  3.7526766469199764
 27.523321525598622,  2.23604087334492926E-3,  3.7526231710042075
 27.528121525477022,  2.23521485592571715E-3,  3.7525696641365074
 27.532921525355423,  2.23438931644733777E-3,  3.7525161263467028
 27.537721525233824,  2.23356425453770683E-3,  3.7524625576646047
 27.542521525112225,  2.23273966982509998E-3,  3.7524089581199975
 27.547321524990625,  2.2319155619381463E-3,  3.752355327742658
 27.552132635979856,  2.2310900245040388E-3,  3.7523015423109229
 27.556932635858256,  2.23026687025735864E-3,  3.752247850286107
 27.561732635736657,  2.22944419172353648E-3,  3.7521941275177864
 27.566532635615058,  2.22862198853264167E-3,  3.7521403740356414
 27.571332635493459,  2.22780026031511955E-3,  3.7520865898692968
 27.576132635371859,  2.22697900670175246E-3,  3.7520327750484044
 27.58093263525026,  2.22615822732368396E-3,  3.7519789296025521
 27.585732635128661,  2.22533792181242628E-3,  3.7519250535613233
 27.590532635007062,  2.22451808979983118E-3,  3.75187114695429
 27.595332634885462,  2.22369873091812428E-3,  3.7518172098109788
 27.600165969726245,  2.2228703697149371E-3,  3.7517716784515112
 27.604965969605157,  2.22205196145867185E-3,  3.7517176782651593
 27.609765969484069,  2.22123402522783533E-3,  3.7516636476318688
 27.614565969362982,  2.22041656065607431E-3,  3.7516095865810799
 27.619365969241894,  2.21959956737737951E-3,  3.7515554951422265
 27.624165969120806,  2.21878304502611326E-3,  3.7515013733446847
 27.628965968999719,  2.21796699323697404E-3,  3.7514472212178465
 27.633765968878631,  2.21715141164502156E-3,  3.751393038791067
 27.638565968757543,  2.21633629988566552E-3,  3.751338826093678
 27.643365968636456,  2.21552165759466993E-3,  3.7512845831549821
 27.648165968515368,  2.2147074844081527E-3,  3.7512303100042641
 27.65296596839428,  2.21389377996257563E-3,  3.7511760066707986
 27.657765968273193,  2.21308054389475831E-3,  3.7511216731838206
 27.662565968152105,  2.21226777584187075E-3,  3.7510673095725475
 27.667365968031017,  2.21145547544143121E-3,  3.7510129158661782
 27.67216596790993,  2.21064364233130835E-3,  3.7509584920938863
 27.676965967788842,  2.20983227614971606E-3,  3.7509040382848253
 27.681765967667754,  2.20902137653522599E-3,  3.7508495544681244
 27.686565967546667,  2.20821094312675242E-3,  3.7507950406728843
 27.691365967425579,  2.20740097556355961E-3,  3.7507404969281906
 27.696165967304491,  2.20659147348526178E-3,  3.7506859232631031
 27.700965967183404,  2.20578243653181578E-3,  3.7506313197066659
 27.705765967062316,  2.20497386434352844E-3,  3.750576686287892
 27.710565966941228,  2.20416575656105567E-3,  3.7505220230357739
 27.715365966820141,  2.20335811282539387E-3,  3.7504673299792857
 27.720165966699053,  2.20255093277789155E-3,  3.7504126071473789
 27.724965966577965,  2.20174421606023508E-3,  3.7503578545689811
 27.729765966456878,  2.20093796231446209E-3,  3.750303072272994
 27.73456596633579,  2.20013217118295717E-3,  3.7502482602882972
 27.739365966214702,  2.19932684230844016E-3,  3.7501934186437635
 27.744165966093615,  2.1985219753339817E-3,  3.7501385473682212
 27.748965965972527,  2.19771756990299987E-3,  3.7500836464904808
 27.753799299183932,  2.19690804432473748E-3,  3.7500283344745466
 27.758599299062844,  2.19610456411127976E-3,  3.7499733742737136
 27.763399298941756,  2.19530154437111696E-3,  3.7499183845572106
 27.768199298820669,  2.19449898474903668E-3,  3.7498633653537565
 27.772999298699581,  2.19369688489016524E-3,  3.7498083166920577
 27.777799298578493,  2.19289524443996983E-3,  3.749753238600797
 27.782599298457406,  2.19209406304426199E-3,  3.7496981311086306
 27.787399298336318,  2.19129334034918717E-3,  3.7496429942442
 27.79219929821523,  2.19049307600123391E-3,  3.7495878280361281
 27.796999298094143,  2.18969326964722939E-3,  3.7495326325130054
 27.801799297973055,  2.18889392093434129E-3,  3.7494774077034037
 27.806599297851967,  2.18809502951007942E-3,  3.7494221536358707
 27.81139929773088,  2.18729659502228625E-3,  3.7493668703389353
 27.816199297609792,  2.18649861711914598E-3,  3.7493115578411058
 27.820999297488704,  2.18570109544917804E-3,  3.7492562161708647
 27.825799297367617,  2.18490402966123928E-3,  3.7492008453566763
 27.830599297246529,  2.1841074194045261E-3,  3.7491454454269753
 27.835399297125441,  2.18331126432856886E-3,  3.7490900164101868
 27.840199297004354,  2.18251556408322923E-3,  3.7490345583347144
 27.844999296883266,  2.18172031831871411E-3,  3.7489790712289293
 27.849799296762178,  2.18092552668556821E-3,  3.7489235551211713
 27.854599296641091,  2.18013118883465763E-3,  3.74886801003978
 27.859399296520003,  2.17933730441718931E-3,  3.7488124360130692
 27.864199296398915,  2.17854387308471023E-3,  3.7487568330693191
 27.868999296277828,  2.1777508944890926E-3,  3.7487012012368006
 27.87379929615674,  2.17695836828254692E-3,  3.7486455405437509
 27.878599296035652,  2.17616629411761242E-3,  3.7485898510184028
 27.883399295914565,  2.17537467164716789E-3,  3.748534132688945
 27.888199295793477,  2.17458350052442042E-3,  3.7484783855835624
 27.892999295672389,  2.17379278040290844E-3,  3.7484226097304072
 27.897799295551302,  2.1730025109364978E-3,  3.7483668051576267
 27.902610404878917,  2.17221451953563153E-3,  3.7483021465810644
 27.907410404757318,  2.17142514930100672E-3,  3.7482462863937136
 27.912210404635719,  2.17063622868588976E-3,  3.7481903975704274
 27.917010404514119,  2.16984775734546231E-3,  3.7481344801392691
 27.92181040439252,  2.16905973493524687E-3,  3.7480785341282652
 27.926610404270921,  2.16827216111110206E-3,  3.748022559565404
 27.931410404149322,  2.16748503552920396E-3,  3.747966556478683
 27.936210404027722,  2.16669835784605563E-3,  3.7479105248960689
 27.941010403906123,  2.16591212771850665E-3,  3.7478544648454806
 27.945810403784524,  2.16512634480371799E-3,  3.7477983763548441
 27.950621514773754,  2.16433919136980795E-3,  3.7477421295188935
 27.955421514652155,  2.16355430288656852E-3,  3.7476859841661749
 27.960221514530556,  2.16276986058875405E-3,  3.7476298104571044
 27.965021514408956,  2.16198586413483568E-3,  3.747573608419521
 27.969821514287357,  2.16120231318360197E-3,  3.7475173780812518
 27.974621514165758,  2.16041920739419233E-3,  3.7474611194700609
 27.979421514044159,  2.15963654642605104E-3,  3.7474048326137219
 27.984221513922559,  2.15885432993895201E-3,  3.7473485175399901
 27.98902151380096,  2.15807255759299177E-3,  3.747292174276593
 27.993821513679361,  2.15729122904859431E-3,  3.7472358028512329
 27.998621513557762,  2.15651034396650279E-3,  3.7471794032915966
 28.003432624546992,  2.15572809594298141E-3,  3.7471228449731537
 28.008232624425393,  2.15494809779361333E-3,  3.7470663891629585
 28.013032624303793,  2.15416854208995119E-3,  3.7470099053014683
 28.017832624182194,  2.153389428494034E-3,  3.7469533934162778
 28.022632624060595,  2.15261075666821778E-3,  3.7468968535349707
 28.027432623938996,  2.15183252627518555E-3,  3.746840285685102
 28.032232623817396,  2.15105473697793951E-3,  3.7467836898942095
 28.037032623695797,  2.15027738843979804E-3,  3.7467270661898127
 28.041832623574198,  2.14950048032442036E-3,  3.746670414599381
 28.046632623452599,  2.14872401229575802E-3,  3.7466137351504036
 28.051465958341481,  2.14793900479689961E-3,  3.7465652742744697
 28.056265958220393,  2.14716342101887829E-3,  3.7465085372106723
 28.061065958099306,  2.14638827631751005E-3,  3.7464517723714224
 28.065865957978218,  2.14561357035803531E-3,  3.7463949797841147
 28.07066595785713,  2.14483930280601675E-3,  3.7463381594761174
 28.075465957736043,  2.14406547332733404E-3,  3.7462813114747671
 28.080265957614955,  2.14329208158818606E-3,  3.7462244358073895
 28.085065957493867,  2.14251912725508999E-3,  3.7461675325012815
 28.08986595737278,  2.14174660999487485E-3,  3.7461106015837355
 28.094665957251692,  2.1409745294746897E-3,  3.7460536430820044
 28.099465957130604,  2.14020288536199759E-3,  3.745996657023329
 28.104265957009517,  2.13943167732457773E-3,  3.7459396434349284
 28.109065956888429,  2.13866090503052721E-3,  3.7458826023439928
 28.113865956767341,  2.13789056814825277E-3,  3.7458255337777087
 28.118665956646254,  2.13712066634648553E-3,  3.7457684377632168
 28.123465956525166,  2.13635119929425805E-3,  3.7457113143276679
 28.128265956404078,  2.1355821666609277E-3,  3.7456541634981648
 28.133065956282991,  2.13481356811616148E-3,  3.7455969853017983
 28.137865956161903,  2.13404540332993737E-3,  3.7455397797656445
 28.142665956040815,  2.13327767197255035E-3,  3.7454825469167523
 28.147465955919728,  2.13251037371460159E-3,  3.7454252867821571
 28.15226595579864,  2.13174350822701491E-3,  3.7453679993888573
 28.157065955677552,  2.1309770751810151E-3,  3.7453106847638487
 28.161865955556465,  2.1302110742481453E-3,  3.7452533429340935
 28.166665955435377,  2.12944550510025437E-3,  3.7451959739265455
 28.171465955314289,  2.12868036740950471E-3,  3.7451385777681305
 28.176265955193202,  2.12791566084837187E-3,  3.7450811544857459
 28.181065955072114,  2.12715138508963886E-3,  3.745023704106281
 28.185865954951026,  2.12638753980639748E-3,  3.7449662266565977
 28.190665954829939,  2.1256241246720509E-3,  3.744908722163538
 28.195465954708851,  2.12486113936030804E-3,  3.7448511906539297
 28.200265954587763,  2.12409858354519268E-3,  3.7447936321545687
 28.205099287799168,  2.12333116585465467E-3,  3.7447356466989841
 28.209899287678081,  2.12256947103303933E-3,  3.7446780341134831
 28.214699287556993,  2.12180820472970388E-3,  3.7446203946186873
 28.219499287435905,  2.1210473666198955E-3,  3.744562728241335
 28.224299287314818,  2.12028695637917885E-3,  3.7445050350081122
 28.22909928719373,  2.1195269736834178E-3,  3.7444473149457065
 28.233899287072642,  2.11876741820878848E-3,  3.7443895680807624
 28.238699286951555,  2.1180082896317641E-3,  3.744331794439931
 28.243499286830467,  2.11724958762913099E-3,  3.7442739940498262
 28.248299286709379,  2.11649131187798076E-3,  3.7442161669370386
 28.253099286588292,  2.11573346205570952E-3,  3.7441583131281404
 28.257899286467204,  2.11497603784001299E-3,  3.7441004326496907
 28.262699286346116,  2.11421903890889268E-3,  3.7440425255282257
 28.267499286225028,  2.11346246494065583E-3,  3.7439845917902637
 28.272299286103941,  2.1127063156139176E-3,  3.7439266314622848
 28.277099285982853,  2.11195059060758457E-3,  3.7438686445707781
 28.281899285861765,  2.11119528960087557E-3,  3.7438106311421886
 28.286699285740678,  2.11044041227331086E-3,  3.7437525912029459
 28.29149928561959,  2.10968595830471296E-3,  3.7436945247794613
 28.296299285498502,  2.10893192737520146E-3,  3.743636431898131
 28.301099285377415,  2.10817831916519909E-3,  3.7435783125853317
 28.305899285256327,  2.10742513335543434E-3,  3.7435201668674045
 28.310699285135239,  2.10667236962693277E-3,  3.7434619947706835
 28.315499285014152,  2.10592002766101872E-3,  3.7434037963214841
 28.320299284893064,  2.10516810713931666E-3,  3.7433455715460968
 28.325099284771976,  2.10441660774375637E-3,  3.7432873204707877
 28.329899284650889,  2.10366552915656254E-3,  3.7432290431218078
 28.334699284529801,  2.10291487106026081E-3,  3.7431707395253819
 28.339499284408713,  2.10216463313767088E-3,  3.7431124097077295
 28.344299284287626,  2.10141481507191991E-3,  3.743054053695031
 28.349099284166538,  2.10066541654642261E-3,  3.7429956715134645
 28.353932617377943,  2.09991123746475867E-3,  3.7429368574844641
 28.358732617256855,  2.09916267997920479E-3,  3.7428784228622982
 28.363532617135768,  2.09841454108376096E-3,  3.7428199621498277
 28.36833261701468,  2.09766682046303582E-3,  3.7427614753731446
 28.373132616893592,  2.09691951780194112E-3,  3.7427029625583117
 28.377932616772505,  2.09617263278567573E-3,  3.7426444237313787
 28.382732616651417,  2.09542616509973993E-3,  3.7425858589183796
 28.387532616530329,  2.09468011442992801E-3,  3.7425272681453161
 28.392332616409242,  2.09393448046233483E-3,  3.7424686514381764
 28.397132616288154,  2.09318926288333757E-3,  3.7424100088229326
 28.401932616167066,  2.0924444613796174E-3,  3.7423513403255328
 28.406732616045979,  2.09170007563814998E-3,  3.7422926459719013
 28.411532615924891,  2.0909561053461985E-3,  3.7422339257879504
 28.416332615803803,  2.0902125501913245E-3,  3.7421751797995668
 28.421132615682716,  2.08946940986138099E-3,  3.7421164080326164
 28.425932615561628,  2.08872668404451326E-3,  3.7420576105129557
 28.43073261544054,  2.08798437242916149E-3,  3.7419987872664033
 28.435532615319453,  2.08724247470405341E-3,  3.7419399383187808
 28.440332615198365,  2.08650099055821383E-3,  3.7418810636958675
 28.445132615077277,  2.08575991968095245E-3,  3.7418221634234397
 28.44993261495619,  2.08501926176187912E-3,  3.7417632375272403
 28.454732614835102,  2.08427901649088729E-3,  3.7417042860330003
 28.459532614714014,  2.0835391835581649E-3,  3.7416453089664277
 28.464332614592927,  2.08279976265418739E-3,  3.7415863063532151
 28.469132614471839,  2.08206075346972211E-3,  3.7415272782190296
 28.473932614350751,  2.08132215569582129E-3,  3.7414682245895268
 28.478732614229664,  2.08058396902382862E-3,  3.7414091454903402
 28.483532614108576,  2.07984619314538488E-3,  3.7413500409470686
 28.488332613987488,  2.07910882775240793E-3,  3.7412909109853123
 28.493132613866401,  2.07837187253711144E-3,  3.7412317556306385
 28.497932613745313,  2.0776353271919905E-3,  3.7411725749086027
 28.502765946956718,  2.07689408078704256E-3,  3.741112957602966
 28.50756594683563,  2.07615835710190559E-3,  3.7410537260470593
 28.512365946714542,  2.07542304236403964E-3,  3.740994469200503
 28.517165946593455,  2.0746881362670882E-3,  3.7409351870887733
 28.521965946472367,  2.07395363850498924E-3,  3.7408758797373234
 28.526765946351279,  2.07321954877196391E-3,  3.7408165471715833
 28.531565946230192,  2.07248586676252134E-3,  3.7407571894169656
 28.536365946109104,  2.07175259217145082E-3,  3.7406978064988725
 28.541165945988016,  2.07101972469382872E-3,  3.7406383984426785
 28.545965945866929,  2.07028726402501981E-3,  3.7405789652737367
 28.550765945745841,  2.06955520986066861E-3,  3.7405195070173884
 28.555565945624753,  2.068823561896708E-3,  3.7404600236989403
 28.560365945503666,  2.06809231982935235E-3,  3.740400515343691
 28.565165945382578,  2.06736148335509877E-3,  3.7403409819769213
 28.56996594526149,  2.06663105217072367E-3,  3.740281423623895
 28.574765945140403,  2.06590102597329489E-3,  3.7402218403098462
 28.579565945019315,  2.06517140446015783E-3,  3.7401622320599999
 28.584365944898227,  2.06444218732893935E-3,  3.7401025988995524
 28.58916594477714,  2.06371337427755297E-3,  3.7400429408536762
 28.593965944656052,  2.06298496500419018E-3,  3.7399832579475394
 28.598765944534964,  2.0622569592073192E-3,  3.73992355020629
 28.603565944413877,  2.06152935658569835E-3,  3.7398638176550447
 28.608365944292789,  2.06080215683836221E-3,  3.7398040603189044
 28.613165944171701,  2.06007535966462162E-3,  3.7397442782229589
 28.617965944050614,  2.05934896476407713E-3,  3.7396844713922688
 28.622765943929526,  2.05862297183659771E-3,  3.7396246398518849
 28.627565943808438,  2.05789738058234509E-3,  3.7395647836268195
 28.632365943687351,  2.05717219070174553E-3,  3.7395049027420941
 28.637165943566263,  2.05644740189551327E-3,  3.7394449972226909
 28.641965943445175,  2.05572301386463879E-3,  3.7393850670935755
 28.646765943324088,  2.05499902631039229E-3,  3.739325112379702
 28.651565943203,  2.05427543893431461E-3,  3.7392651331060054
 28.656399276414405,  2.0535472307002642E-3,  3.7392047125185397
 28.661199276293317,  2.05282444556011308E-3,  3.7391446840297746
 28.665999276172229,  2.05210205970237118E-3,  3.7390846310560315
 28.670799276051142,  2.05138007282969562E-3,  3.7390245536221531
 28.675599275930054,  2.05065848464502281E-3,  3.7389644517529739
 28.680399275808966,  2.04993729485155067E-3,  3.7389043254733241
 28.685199275687879,  2.04921650315276985E-3,  3.7388441748079915
 28.689999275566791,  2.04849610925244077E-3,  3.7387839997817509
 28.694799275445703,  2.04777611285459618E-3,  3.7387238004193657
 28.699599275324616,  2.04705651366354508E-3,  3.7386635767455738
 28.704399275203528,  2.04633731138387622E-3,  3.7386033287850862
 28.70919927508244,  2.04561850572044417E-3,  3.7385430565626137
 28.713999274961353,  2.04490009637838064E-3,  3.7384827601028348
 28.718799274840265,  2.04418208306309402E-3,  3.7384224394304066
 28.723599274719177,  2.04346446548026115E-3,  3.7383620945699829
 28.72839927459809,  2.04274724333583383E-3,  3.7383017255461808
 28.733199274477002,  2.04203041633603793E-3,  3.7382413323836103
 28.737999274355914,  2.04131398418736865E-3,  3.7381809151068559
 28.742799274234827,  2.04059794659659528E-3,  3.7381204737404894
 28.747599274113739,  2.03988230327075944E-3,  3.7380600083090587
 28.752399273992651,  2.03916705391717209E-3,  3.7379995188370891
 28.757199273871564,  2.0384521982434174E-3,  3.7379390053490984
 28.761999273750476,  2.03773773595734928E-3,  3.7378784678695767
 28.766799273629388,  2.03702366676709228E-3,  3.7378179064229942
 28.771599273508301,  2.03630999038104327E-3,  3.7377573210338091
 28.776399273387213,  2.03559670650785979E-3,  3.737696711726465
 28.781199273266125,  2.03488381485648212E-3,  3.7376360785253686
 28.785999273145038,  2.03417131513611424E-3,  3.7375754214549208
 28.79079927302395,  2.03345920705623028E-3,  3.7375147405395022
 28.795599272902862,  2.03274749032656462E-3,  3.7374540358034802
 28.800399272781775,  2.0320361646571361E-3,  3.7373933072711822
 28.805232605993179,  2.03132029407589697E-3,  3.7373321329928846
 28.810032605872092,  2.03060975236869648E-3,  3.737271356776187
 28.814832605751004,  2.02989960085136296E-3,  3.7372105568362963
 28.819632605629916,  2.02918983923497907E-3,  3.7371497331974846
 28.824432605508829,  2.02848046723088943E-3,  3.7370888858840101
 28.829232605387741,  2.02777148455071318E-3,  3.7370280149200967
 28.834032605266653,  2.0270628909063353E-3,  3.7369671203299553
 28.838832605145566,  2.02635468600989967E-3,  3.7369062021377824
 28.843632605024478,  2.02564686957382514E-3,  3.7368452603677471
 28.84843260490339,  2.02493944131079164E-3,  3.7367842950440044
 28.853232604782303,  2.02423240093374274E-3,  3.7367233061906959
 28.858032604661215,  2.02352574815589182E-3,  3.7366622938319369
 28.862832604540127,  2.0228194826907085E-3,  3.7366012579918344
 28.86763260441904,  2.02211360425193481E-3,  3.736540198694466
 28.872432604297952,  2.02140811255357641E-3,  3.7364791159638915
 28.877232604176864,  2.02070300730990398E-3,  3.7364180098241482
 28.882032604055777,  2.01999828823544014E-3,  3.7363568802992808
 28.886832603934689,  2.01929395504498246E-3,  3.7362957274132844
 28.891632603813601,  2.01859000745358789E-3,  3.7362345511901505
 28.896432603692514,  2.01788644517657614E-3,  3.7361733516538491
 28.901232603571426,  2.01718326792953021E-3,  3.7361121288283266
 28.906032603450338,  2.01648047542828937E-3,  3.7360508827375272
 28.910832603329251,  2.01577806738896612E-3,  3.7359896134053607
 28.915632603208163,  2.01507604352791844E-3,  3.7359283208557277
 28.920432603087075,  2.01437440356178141E-3,  3.7358670051124996
 28.925232602965988,  2.01367314720744209E-3,  3.735805666199544
 28.9300326028449,  2.01297227418205252E-3,  3.7357443041406926
 28.934832602723812,  2.0122717842030193E-3,  3.7356829189597756
 28.939632602602725,  2.01157167698801402E-3,  3.735621510680597
 28.944432602481637,  2.0108719522549637E-3,  3.7355600793269472
 28.949232602360549,  2.01017260972206164E-3,  3.7354986249225886
 28.954065935571954,  2.00946879654925574E-3,  3.735436720484218
 28.958865935450866,  2.00877022022152678E-3,  3.7353752198900181
 28.963665935329779,  2.00807202524811356E-3,  3.7353136963164748
 28.968465935208691,  2.00737421134824503E-3,  3.7352521497872799
 28.973265935087603,  2.00667677824139992E-3,  3.7351905803261163
 28.978065934966516,  2.0059797256473254E-3,  3.735128987956633
 28.982865934845428,  2.00528305328602019E-3,  3.7350673727024772
 28.98766593472434,  2.00458676087773586E-3,  3.7350057345872756
 28.992465934603253,  2.00389084814298893E-3,  3.7349440736346269
 28.997265934482165,  2.00319531480254919E-3,  3.734882389868118
 29.002065934361077,  2.00250016057744278E-3,  3.7348206833113173
 29.00686593423999,  2.00180538518895512E-3,  3.7347589539877681
 29.011665934118902,  2.00111098835861973E-3,  3.7346972019210094
 29.016465933997814,  2.00041696980823034E-3,  3.7346354271345601
 29.021265933876727,  1.99972332925983654E-3,  3.7345736296519108
 29.026065933755639,  1.99903006643574336E-3,  3.7345118094965364
 29.030865933634551,  1.9983371810585065E-3,  3.7344499666918991
 29.035665933513464,  1.99764467285094057E-3,  3.7343881012614433
 29.040465933392376,  1.99695254153611518E-3,  3.7343262132285804
 29.045265933271288,  1.99626078683734628E-3,  3.734264302616729
 29.050065933150201,  1.99556940847820958E-3,  3.7342023694492776
 29.054865933029113,  1.9948784061825345E-3,  3.7341404137495862
 29.059665932908025,  1.99418777967439852E-3,  3.7340784355410115
 29.064465932786938,  1.99349752867813892E-3,  3.734016434846879
 29.06926593266585,  1.9928076529183371E-3,  3.7339544116905192
 29.074065932544762,  1.99211815211983081E-3,  3.7338923660952266
 29.078865932423675,  1.99142902600771277E-3,  3.7338302980842726
 29.083665932302587,  1.99074027430732377E-3,  3.7337682076809235
 29.088465932181499,  1.99005189674425487E-3,  3.7337060949084244
 29.093265932060412,  1.98936389304435034E-3,  3.7336439597899997
 29.098065931939324,  1.98867626293370734E-3,  3.7335818023488585
 29.102865931818236,  1.9879890061386663E-3,  3.733519622608195
 29.107699265029641,  1.98729735366340527E-3,  3.7334569885548938
 29.112499264908553,  1.98661084526733029E-3,  3.733394764130217
 29.117299264787466,  1.98592470936549909E-3,  3.7333325174756413
 29.122099264666378,  1.98523894568526215E-3,  3.7332702486142813
 29.12689926454529,  1.98455355395420847E-3,  3.7332079575692494
 29.131699264424203,  1.98386853390018813E-3,  3.7331456443636144
 29.136499264303115,  1.98318388525129102E-3,  3.7330833090204538
 29.141299264182027,  1.98249960773585641E-3,  3.7330209515628101
 29.14609926406094,  1.98181570108247641E-3,  3.7329585720137182
 29.150899263939852,  1.98113216501999076E-3,  3.73289617039618
 29.155699263818764,  1.98044899927748074E-3,  3.732833746733196
 29.160499263697677,  1.9797662035842779E-3,  3.7327713010477472
 29.165299263576589,  1.97908377766996182E-3,  3.732708833362794
 29.170099263455501,  1.97840172126435279E-3,  3.7326463437012802
 29.174899263334414,  1.97772003409753087E-3,  3.7325838320861195
 29.179699263213326,  1.97703871589981033E-3,  3.7325212985402252
 29.184499263092238,  1.97635776640175606E-3,  3.7324587430864855
 29.189299262971151,  1.97567718533417412E-3,  3.7323961657477795
 29.194099262850063,  1.97499697242812643E-3,  3.7323335665469477
 29.198899262728975,  1.97431712741490952E-3,  3.7322709455068348
 29.203699262607888,  1.97363765002606583E-3,  3.7322083026502617
 29.2084992624868,  1.9729585399933876E-3,  3.7321456380000249
 29.213299262365712,  1.97227979704891077E-3,  3.7320829515789082
 29.218099262244625,  1.97160142092490985E-3,  3.7320202434096794
 29.222899262123537,  1.97092341135390609E-3,  3.7319575135150922
 29.227699262002449,  1.9702457680686675E-3,  3.7318947619178697
 29.232499261881362,  1.9695684908022015E-3,  3.731831988640733
 29.237299261760274,  1.96889157928776008E-3,  3.7317691937063784
 29.242099261639186,  1.96821503325883594E-3,  3.7317063771374781
 29.246899261518099,  1.96753885244916986E-3,  3.7316435389566953
 29.251699261397011,  1.96686303659273764E-3,  3.7315806791866732
 29.256532594608416,  1.9661828960650914E-3,  3.7315173610987431
 29.261332594487328,  1.96550781184781165E-3,  3.7314544580685816
 29.26613259436624,  1.96483309178531376E-3,  3.7313915335171619
 29.270932594245153,  1.96415873561254237E-3,  3.7313285874670674
 29.275732594124065,  1.96348474306468328E-3,  3.7312656199408556
 29.280532594002977,  1.96281111387716818E-3,  3.7312026309610609
 29.28533259388189,  1.96213784778566337E-3,  3.7311396205502092
 29.290132593760802,  1.96146494452607801E-3,  3.7310765887308106
 29.294932593639714,  1.96079240383456371E-3,  3.7310135355253391
 29.299732593518627,  1.96012022544750667E-3,  3.7309504609562749
 29.304532593397539,  1.95944840910153469E-3,  3.7308873650460721
 29.309332593276451,  1.95877695453351491E-3,  3.7308242478171612
 29.314132593155364,  1.95810586148055131E-3,  3.7307611092919668
 29.318932593034276,  1.95743512967998462E-3,  3.7306979494928929
 29.323732592913188,  1.95676475886940411E-3,  3.7306347684423127
 29.328532592792101,  1.95609474878662539E-3,  3.7305715661626011
 29.333332592671013,  1.95542509916970999E-3,  3.7305083426761048
 29.338132592549925,  1.95475580975695102E-3,  3.7304450980051551
 29.342932592428838,  1.95408688028688186E-3,  3.7303818321720748
 29.34773259230775,  1.95341831049827353E-3,  3.7303185451991547
 29.352532592186662,  1.95275010013013124E-3,  3.7302552371086786
 29.357332592065575,  1.95208224892169722E-3,  3.7301919079229182
 29.362132591944487,  1.95141475661245178E-3,  3.7301285576641092
 29.366932591823399,  1.95074762294210943E-3,  3.7300651863544902
 29.371732591702312,  1.95008084765062339E-3,  3.7300017940162689
 29.376532591581224,  1.94941443047817894E-3,  3.729938380671642
 29.381332591460136,  1.94874837116519703E-3,  3.7298749463427883
 29.386132591339049,  1.948082669452335E-3,  3.7298114910518718
 29.390932591217961,  1.94741732508048391E-3,  3.7297480148210367
 29.395732591096873,  1.94675233779077013E-3,  3.7296845176724096
 29.400532590975786,  1.94608770732455417E-3,  3.7296209996281
